            2.000000000000E+01       2.000000000000E+01       2.000000000000E+01
         300
    1       9.739221734020E+00      -2.631726705440E+00       2.071229049820E+00    O
    2       9.980362862200E+00      -1.852129594420E+00       1.493233114890E+00    H
    3       9.027469676830E+00      -3.171965483130E+00       1.622284652190E+00    H
    4      -2.330563455900E+00       2.033275589500E+00      -6.841760177870E+00    O
    5      -2.385912207520E+00       1.065562958060E+00      -6.595856174950E+00    H
    6      -3.092422972300E+00       2.527638936140E+00      -6.423221101120E+00    H
    7       9.756451761590E+00      -6.645779109090E+00      -7.219773963730E+00    O
    8      -9.303645002700E+00      -6.347196823830E+00      -7.385395600110E+00    H
    9       9.335744913110E+00      -6.055591917720E+00      -6.530800214750E+00    H
   10      -7.041210542160E+00       9.675879816520E+00       2.986146124020E+00    O
   11      -6.394662886270E+00      -9.660444555090E+00       3.362325321920E+00    H
   12      -6.597398004090E+00       9.154344486700E+00       2.257427158440E+00    H
   13       4.585516488760E+00       8.844692256010E+00      -6.587403523410E+00    O
   14       4.131405791020E+00       9.071662715720E+00      -5.725853823960E+00    H
   15       5.425603551230E+00       9.380409504550E+00      -6.672613599720E+00    H
   16       4.542728107850E+00      -7.477762940110E+00       6.266164861370E+00    O
   17       5.449403831340E+00      -7.056036062600E+00       6.275415440720E+00    H
   18       3.913849394030E+00      -6.928145209770E+00       6.816102961340E+00    H
   19      -1.791380218380E+00       8.986173307980E-01      -1.681864077800E+00    O
   20      -2.665621977100E+00       4.889690850410E-01      -1.421307630840E+00    H
   21      -1.954167617580E+00       1.788110061970E+00      -2.108833566000E+00    H
   22      -3.340748572020E+00      -7.872344616570E+00      -2.563045403700E-01    O
   23      -3.426859125270E+00      -7.926096296710E+00       7.385299833070E-01    H
   24      -4.251050262100E+00      -7.825839000420E+00      -6.676293034180E-01    H
   25       2.958523818010E+00      -9.305341098210E+00      -3.229026095660E-01    O
   26       3.460341758800E+00       9.863936846480E+00      -5.638997488010E-01    H
   27       3.266397003410E+00      -8.550218026070E+00      -9.016972602270E-01    H
   28      -9.586912201560E+00       1.426989814520E+00       2.972122102940E+00    O
   29      -9.159465668770E+00       2.157377382150E+00       2.439371258130E+00    H
   30      -8.928835497100E+00       1.068460543840E+00       3.634233734860E+00    H
   31       9.202137231670E+00       6.290026378350E+00      -5.576086709080E+00    O
   32       8.531692913740E+00       6.821016063620E+00      -6.094309026910E+00    H
   33       9.027359773280E+00       5.314124132790E+00      -5.706729914610E+00    H
   34       9.590602045960E+00      -4.120903459680E+00       7.862354827880E+00    O
   35      -9.873904843270E+00      -3.426055059690E+00       8.342389023900E+00    H
   36      -9.792804360600E+00      -4.738304295790E+00       7.373858616940E+00    H
   37       9.687548602120E+00       7.704149123460E+00       2.672164160800E+00    O
   38      -9.697261173910E+00       7.015261387470E+00       2.288791397620E+00    H
   39      -9.925697125160E+00       8.059889264640E+00       3.522969711140E+00    H
   40       1.691200192810E+00       5.248210915100E+00      -6.052187950100E+00    O
   41       1.866088819890E+00       5.778341683520E+00      -5.222504072650E+00    H
   42       1.919949681450E+00       5.799606037990E+00      -6.854457910830E+00    H
   43      -2.207339087940E+00      -5.913840846020E+00      -8.173802701270E+00    O
   44      -1.559645506470E+00      -6.334093597160E+00      -7.538286651370E+00    H
   45      -2.976242170610E+00      -5.531176830470E+00      -7.661595418380E+00    H
   46       1.623282543360E+00      -8.872389025360E+00      -6.060958203550E+00    O
   47       1.381957957260E+00      -9.702976258280E+00      -5.559074459380E+00    H
   48       2.387188211760E+00      -8.416845678260E+00      -5.603871353290E+00    H
   49       8.974885102980E+00      -1.364960454330E+00       4.542367839320E+00    O
   50       8.018221875880E+00      -1.098149428430E+00       4.659018370230E+00    H
   51       9.126200044050E+00      -1.659065447830E+00       3.598648579470E+00    H
   52       3.605594155650E+00      -7.616011279080E+00       3.760186768310E+00    O
   53       3.599857507460E+00      -7.720157166200E+00       4.754732254980E+00    H
   54       2.937931078790E+00      -8.241032868080E+00       3.355743905720E+00    H
   55       2.485720005470E+00       1.937204142500E+00      -7.690988572260E+00    O
   56       2.942723310350E+00       2.815210584230E+00      -7.833300439660E+00    H
   57       1.831093942660E+00       2.020102481670E+00      -6.939594811800E+00    H
   58      -2.050543985650E+00      -5.250158257220E+00      -4.166775254090E-01    O
   59      -2.169271384480E+00      -5.838789247600E+00       3.829582428800E-01    H
   60      -1.548437975350E+00      -5.746876881250E+00      -1.124604190370E+00    H
   61       2.057494516090E-01       4.271698510680E+00       1.042288573350E+00    O
   62       2.711496779650E-01       3.627986067180E+00       1.804756343470E+00    H
   63      -4.472517466190E-01       4.993772467630E+00       1.270758781070E+00    H
   64      -8.809712900140E+00      -4.266683013590E+00      -4.171471939360E-01    O
   65      -8.387324385160E+00      -4.724494476960E+00      -1.199449313590E+00    H
   66      -9.591441917850E+00      -4.803164351240E+00      -9.920456195800E-02    H
   67       9.880072664120E-01      -8.068785752250E+00       9.387981749080E+00    O
   68       7.592417102890E-01      -8.861849543990E+00       9.952531253160E+00    H
   69       9.011402821730E-01      -7.235157628000E+00       9.933434109520E+00    H
   70       1.438361160720E+00       6.396125014160E+00      -3.461976124350E+00    O
   71       1.004795208240E+00       7.253405804330E+00      -3.739627365400E+00    H
   72       2.423929740490E+00       6.454281841970E+00      -3.620948945740E+00    H
   73      -6.136505407220E+00       8.714413384580E+00       6.796559367260E-01    O
   74      -6.260019004570E+00       9.246077804800E+00      -1.582446155720E-01    H
   75      -5.306599731310E+00       8.161614752180E+00       6.043549333500E-01    H
   76       7.908624695400E-01      -3.046115793100E+00      -9.223672831260E+00    O
   77       1.282178436190E+00      -2.253306524860E+00      -8.863031617450E+00    H
   78      -1.936347513220E-01      -2.876168636960E+00      -9.180277137540E+00    H
   79      -7.699246508080E+00       7.517570543690E-01       4.959186667270E+00    O
   80      -6.861969962860E+00       9.098906899080E-01       4.435773121270E+00    H
   81      -7.734940465690E+00      -2.043451035870E-01       5.250038184280E+00    H
   82       8.018112560660E+00       6.977250837690E+00       9.260612266070E+00    O
   83       8.277508284290E+00       7.466764058910E+00       8.428091596770E+00    H
   84       7.269020505910E+00       6.346876218290E+00       9.056923943600E+00    H
   85      -3.047894689410E+00       7.549908787280E+00       7.848573898150E+00    O
   86      -2.762936016000E+00       8.095979284650E+00       7.060788669580E+00    H
   87      -2.390528599020E+00       7.669779970130E+00       8.592550189930E+00    H
   88       8.850739348970E+00       4.026601539320E+00       9.902225712250E+00    O
   89       9.581148139280E+00       4.709439825500E+00       9.886900113960E+00    H
   90       8.001839038590E+00       4.439094790580E+00       9.571744879690E+00    H
   91      -3.012711234660E+00       5.310576978970E+00      -5.716664523160E+00    O
   92      -3.130323642970E+00       6.112926882220E+00      -6.301815746490E+00    H
   93      -3.726278063370E+00       4.640771319990E+00      -5.922048943620E+00    H
   94       8.068050411180E+00       3.341923228480E+00       2.799146365410E-01    O
   95       8.923658848520E+00       3.701738944880E+00      -9.219670725660E-02    H
   96       7.726120983990E+00       3.960369903850E+00       9.874511914650E-01    H
   97      -2.379746350130E+00       9.124174885640E+00      -6.691227944600E+00    O
   98      -2.575333383150E+00       9.165207276850E+00      -5.711400380490E+00    H
   99      -2.341982482470E+00      -9.948154662440E+00      -7.062713372210E+00    H
  100      -7.762050720040E+00      -2.496883630700E-01      -7.131020741440E+00    O
  101      -8.534197849430E+00      -8.621651632280E-01      -6.961725201500E+00    H
  102      -7.213624506750E+00      -1.668828420040E-01      -6.298931843390E+00    H
  103       7.300697646350E+00      -7.409969684140E+00      -6.486957447570E-01    O
  104       7.094010210190E+00      -8.327710943360E+00      -3.095331217390E-01    H
  105       6.560944331240E+00      -6.786578085450E+00      -3.954212938810E-01    H
  106      -9.141324355010E+00       9.728056073450E+00      -8.351116123310E+00    O
  107      -9.109926580160E+00      -9.753575788820E+00      -9.205697104560E+00    H
  108      -9.918815002640E+00       9.099473874970E+00      -8.370933101140E+00    H
  109      -3.472347105080E+00      -1.525497308290E+00       4.615916129160E+00    O
  110      -3.136826066230E+00      -2.382023254200E+00       5.008075454540E+00    H
  111      -2.700783918530E+00      -9.945372915600E-01       4.265528187330E+00    H
  112      -6.204671127850E-01       7.972818257880E+00      -8.272257734710E+00    O
  113      -8.801734684400E-01       7.008867439390E+00      -8.330149257130E+00    H
  114      -1.285195567330E+00       8.463873265530E+00      -7.709229261910E+00    H
  115      -4.249777173050E+00       1.448261347980E+00      -3.366292783060E+00    O
  116      -4.838797116530E+00       2.072656313470E+00      -2.853275791880E+00    H
  117      -3.711911277510E+00       1.967509058020E+00      -4.030432899330E+00    H
  118      -5.561197685430E+00       1.872179161900E+00       9.219882621860E-01    O
  119      -4.902469741290E+00       2.134168124580E+00       1.627282015910E+00    H
  120      -6.086477904740E+00       1.080541321800E+00       1.234062326050E+00    H
  121      -7.748872026360E+00      -6.085315892480E+00      -2.093049009020E+00    O
  122      -8.323829299790E+00      -6.901776235280E+00      -2.039976960290E+00    H
  123      -7.572668420710E+00      -5.863497737650E+00      -3.052084459640E+00    H
  124      -8.985375928710E+00       3.557289124490E+00      -1.493958608310E+00    O
  125      -9.487564861440E+00       4.188007739400E+00      -2.085566844090E+00    H
  126      -8.022447415560E+00       3.542856515730E+00      -1.763328945140E+00    H
  127       2.020067000430E+00       4.252477153750E-01       2.790398508160E+00    O
  128       2.109552633280E+00      -3.628962082890E-01       2.181447379500E+00    H
  129       2.553372236050E+00       2.666975507550E-01       3.621330136500E+00    H
  130       2.495725621730E+00      -1.715172169130E+00       6.045493568970E+00    O
  131       3.275930399060E+00      -2.321651673470E+00       5.892316820580E+00    H
  132       2.139879405070E+00      -1.856676808960E+00       6.969262970390E+00    H
  133       1.758470674470E+00       6.759081355610E+00       6.033475770900E+00    O
  134       7.597264910320E-01       6.778950480460E+00       6.079467878120E+00    H
  135       2.133156010890E+00       7.486265076230E+00       6.608640734310E+00    H
  136       9.186744304410E-01      -9.780532010150E+00      -8.619333693210E+00    O
  137       1.150453125770E+00      -9.306840461720E+00      -7.769689677560E+00    H
  138       4.851440790560E-01       9.344106992420E+00      -8.405337060940E+00    H
  139      -2.205183455850E+00       3.176939866840E+00      -4.051720925660E+00    O
  140      -2.293341604690E+00       3.863871755140E+00      -4.773075707740E+00    H
  141      -1.415543224440E+00       3.395223057440E+00      -3.478291981820E+00    H
  142      -2.268944568240E+00      -7.710021645140E+00      -4.244563891770E+00    O
  143      -1.948000905070E+00      -7.435303323060E+00      -5.150944059570E+00    H
  144      -1.747072757640E+00      -7.222817482240E+00      -3.544362551470E+00    H
  145      -4.613191600290E+00      -5.910352268320E+00       2.949234081140E+00    O
  146      -5.046865405570E+00      -5.380216593450E+00       3.677851399660E+00    H
  147      -3.642179608830E+00      -5.676532288510E+00       2.899596096790E+00    H
  148      -3.552256972350E+00       6.807831124790E+00      -7.766978453650E+00    O
  149      -4.320929087770E+00       6.581492030140E+00      -8.365237422000E+00    H
  150      -3.580195211220E+00       7.781901032330E+00      -7.542462819370E+00    H
  151       9.142266949670E+00       5.639449964130E+00       5.524821359460E+00    O
  152       8.767980100100E+00       4.837784609910E+00       5.990913640110E+00    H
  153       8.780351349240E+00       6.470150680760E+00       5.947850220830E+00    H
  154      -8.907263527080E+00       2.275465373030E+00      -4.329303964070E+00    O
  155      -9.818459320530E+00       1.912718651160E+00      -4.524591039360E+00    H
  156      -8.472219288930E+00       1.720008646330E+00      -3.620640196390E+00    H
  157      -4.864621704240E+00      -6.252150074540E+00       7.154275298620E+00    O
  158      -4.032202413530E+00      -5.871623049290E+00       7.557111875310E+00    H
  159      -5.338234422330E+00      -6.811884830030E+00       7.834266472650E+00    H
  160      -9.342028237540E-01       8.747472971890E+00       8.979621445190E+00    O
  161      -8.386491879610E-01       8.949432385210E+00       9.954342891580E+00    H
  162      -5.514837125670E-02       8.440176968690E+00       8.615159600880E+00    H
  163       6.975783497980E+00      -6.499476192000E+00       6.936791604050E+00    O
  164       7.620810112150E+00      -6.159230821440E+00       6.252559366550E+00    H
  165       6.882767497270E+00      -5.826715145240E+00       7.670781111850E+00    H
  166       7.229339783580E+00      -2.973519813340E+00      -5.513868213700E+00    O
  167       7.388372399900E+00      -2.290670859510E+00      -6.226908137680E+00    H
  168       7.251244900000E+00      -2.530745962420E+00      -4.617502505510E+00    H
  169       8.421628114820E+00      -9.245761089780E+00      -4.959198503660E+00    O
  170       8.477578923990E+00      -8.453263759020E+00      -4.351895047640E+00    H
  171       9.276582645310E+00      -9.335165950910E+00      -5.470138345140E+00    H
  172      -8.931455183510E+00       9.054448555020E+00      -2.946666427100E+00    O
  173      -9.111807259460E+00       9.226970522620E+00      -3.915020339360E+00    H
  174      -8.473533016820E+00       8.171278141700E+00      -2.845092265520E+00    H
  175       3.885701010430E+00       4.217008897520E+00      -8.083457646510E+00    O
  176       4.717823293600E+00       4.729300128160E+00      -8.295896345600E+00    H
  177       3.445269496080E+00       4.615408798390E+00      -7.278909574510E+00    H
  178       3.397442687470E+00      -6.762359067840E+00      -1.680397055510E+00    O
  179       4.104442211000E+00      -6.738484756270E+00      -2.387207985650E+00    H
  180       2.984064268610E+00      -5.856129790500E+00      -1.591702186990E+00    H
  181      -5.731669631310E+00       5.937118586200E+00      -9.363727636380E+00    O
  182      -6.121009647300E+00       6.126956182980E+00       9.734953308680E+00    H
  183      -6.281784833180E+00       5.240635103740E+00      -8.902984732660E+00    H
  184       6.545395847950E+00      -8.477327366310E+00       2.808958706060E+00    O
  185       5.838839108150E+00      -7.784733394540E+00       2.663730734530E+00    H
  186       6.167126338580E+00      -9.383813902210E+00       2.621357164190E+00    H
  187      -4.624109579190E+00       1.628556599410E+00       8.916452724360E+00    O
  188      -5.159023144130E+00       2.437394030990E+00       8.672220279100E+00    H
  189      -4.606609151000E+00       9.945826102920E-01       8.143296390790E+00    H
  190      -3.846940848310E+00       7.321462288500E+00       3.453132510900E-01    O
  191      -3.109911615470E+00       7.832963645420E+00       7.870759382850E-01    H
  192      -3.746979283650E+00       6.347999082900E+00       5.511701745540E-01    H
  193      -3.012857775180E-01       3.926115107780E+00      -7.651302454510E+00    O
  194       3.149927794460E-01       4.091444414210E+00      -6.881323908920E+00    H
  195      -1.095299821080E+00       3.405802537930E+00      -7.336951490970E+00    H
  196       5.542187657200E+00       5.302648917850E+00       5.917551678190E+00    O
  197       5.489848757380E+00       6.170295650080E+00       5.423133042190E+00    H
  198       5.370890206850E+00       4.547545801420E+00       5.284719577970E+00    H
  199      -1.605801718810E+00      -2.877224667710E+00       2.124198151520E+00    O
  200      -1.196894861520E+00      -2.911564669850E+00       1.212268359090E+00    H
  201      -2.381184525220E+00      -2.245761255200E+00       2.118243138330E+00    H
  202       5.626655279880E+00       6.227327147540E+00      -2.121936024620E+00    O
  203       5.067432837210E+00       6.108680974270E+00      -2.942419629080E+00    H
  204       6.342524026160E+00       6.902157910840E+00      -2.301199459300E+00    H
  205       6.414811898070E+00      -5.872102795620E+00      -6.876352948760E+00    O
  206       5.907026239130E+00      -5.447378267660E+00      -6.126844576600E+00    H
  207       5.811082267470E+00      -6.490171477090E+00      -7.379842410520E+00    H
  208       8.390141204820E+00      -4.932671280490E+00       4.651997205220E+00    O
  209       8.322833037130E+00      -5.484647278140E+00       3.820858162350E+00    H
  210       9.335073930880E+00      -4.629456210750E+00       4.775134383580E+00    H
  211       5.593775622990E+00       8.978139715630E+00       1.909385302780E+00    O
  212       6.014243669900E+00       8.079176326040E+00       1.786619486310E+00    H
  213       4.644345944110E+00       8.864852473280E+00       2.202215092240E+00    H
  214       7.053807770310E+00       8.416260818650E+00      -4.043015538060E+00    O
  215       6.933597161250E+00       7.782753166230E+00      -4.807356733990E+00    H
  216       7.566394534080E+00       9.217509462950E+00      -4.351650305380E+00    H
  217      -2.507599311210E-01      -9.582110961910E+00       4.965358423990E+00    O
  218       1.554055151870E-01      -9.638772603360E+00       5.877399590060E+00    H
  219       5.360149350220E-02      -8.741908784070E+00       4.516555100070E+00    H
  220       2.962748532570E+00      -5.896656169070E-01       1.781789283960E-01    O
  221       2.863074349300E+00      -1.430183640830E+00       7.107148508020E-01    H
  222       2.119887720760E+00      -4.158262433330E-01      -3.311004881330E-01    H
  223      -8.455706497480E+00      -1.767116744260E+00       5.246611366270E+00    O
  224      -8.283871941140E+00      -2.645400180270E+00       4.800415118790E+00    H
  225      -9.419013085960E+00      -1.521313694120E+00       5.138809338770E+00    H
  226      -4.915438189970E+00       3.351284353300E+00      -6.494648583130E+00    O
  227      -5.682621011200E+00       3.602503126160E+00      -5.904462470980E+00    H
  228      -5.233663481670E+00       2.725325293960E+00      -7.206623245440E+00    H
  229      -2.088166355450E+00       8.684489734290E+00       1.876140098550E+00    O
  230      -2.074150782190E+00       9.542638003050E+00       2.389350691310E+00    H
  231      -1.276954239120E+00       8.631076449630E+00       1.293832685450E+00    H
  232      -1.992871210100E+00      -4.883074459830E-01       9.243679876330E+00    O
  233      -1.512496098600E+00      -3.617796568510E-01       8.375791363430E+00    H
  234      -2.434096623010E+00       3.691201754100E-01       9.508515691650E+00    H
  235       5.296056780980E+00       8.185511837770E+00       4.838343647200E+00    O
  236       6.131733440470E+00       8.615230010100E+00       4.496310296260E+00    H
  237       4.851609469780E+00       8.795986129230E+00       5.493925623030E+00    H
  238      -7.612637676270E+00      -5.856631629950E+00      -8.427046044510E+00    O
  239      -7.497623161130E+00      -5.281605621980E+00      -9.237056384850E+00    H
  240      -6.782938665800E+00      -6.395133812180E+00      -8.280025801810E+00    H
  241      -4.902802625180E+00      -6.879117149620E+00      -3.786861619970E+00    O
  242      -4.987665966420E+00      -6.730674295130E+00      -2.801588595750E+00    H
  243      -3.970497831350E+00      -7.170630334660E+00      -4.000935986380E+00    H
  244      -4.949748073660E+00      -2.151083157440E+00      -8.244017403940E+00    O
  245      -5.335206093770E+00      -2.430207864070E+00      -7.364522371050E+00    H
  246      -4.270525422030E+00      -1.432005546490E+00      -8.097102534260E+00    H
  247       2.323502010590E-01       2.618921626790E+00       3.132993351910E+00    O
  248      -7.752013764080E-02       2.768887237120E+00       4.071870707540E+00    H
  249       6.859320660730E-01       1.729959132110E+00       3.069675307220E+00    H
  250       1.252736832170E+00      -9.782483448980E+00       7.155611495870E+00    O
  251       9.480147281080E-01      -9.087951262400E+00       7.807354912490E+00    H
  252       1.410821152040E+00       9.355327207080E+00       7.636900268870E+00    H
  253       9.679051898120E+00      -1.747949058830E-01       9.286590786720E-01    O
  254      -9.981392825270E+00       4.046239465960E-01       1.669588230160E+00    H
  255       9.820194755950E+00       2.870090647520E-01       5.297889368030E-02    H
  256       6.541866185210E+00       1.230900807700E+00      -6.507044648260E+00    O
  257       6.979146273310E+00       1.945758299280E+00      -7.052723025400E+00    H
  258       5.728966243670E+00       1.603545211420E+00      -6.059462439700E+00    H
  259       1.748703785140E+00       8.169428889690E+00       8.778278199240E+00    O
  260       2.433010740620E+00       8.420711301940E+00       9.462808067100E+00    H
  261       1.621566444980E+00       7.177552994170E+00       8.782556590040E+00    H
  262      -2.712060998450E+00      -1.008384138820E+00      -6.933665825230E+00    O
  263      -2.760780947570E+00      -1.481348452290E+00      -6.053932271960E+00    H
  264      -2.173723418740E+00      -1.553896782540E+00      -7.576011998110E+00    H
  265       7.899349004980E+00       7.938119650030E+00       6.802644486460E+00    O
  266       6.994664271430E+00       7.897690949260E+00       7.226803717200E+00    H
  267       7.912454481470E+00       8.662972332030E+00       6.113865250500E+00    H
  268       1.781345636070E+00       2.790680845240E+00      -8.821627406730E-01    O
  269       1.316257533820E+00       3.197505414700E+00      -9.591416241010E-02    H
  270       2.720859884110E+00       3.130360694520E+00      -9.261010806570E-01    H
  271       4.889646278360E+00      -2.790346145320E+00      -1.701969661070E-01    O
  272       5.589587310000E+00      -2.098612286250E+00       7.529847959790E-03    H
  273       4.279953608020E+00      -2.858176530820E+00       6.195332957750E-01    H
  274      -1.752396257040E+00      -5.486522222560E+00       2.893828602590E+00    O
  275      -8.961881081810E-01      -5.902510730590E+00       3.200196301630E+00    H
  276      -1.608525818830E+00      -4.510812196430E+00       2.728627991470E+00    H
  277       4.037850774960E+00       6.278140476490E+00      -4.479360451590E+00    O
  278       4.372868615260E+00       7.185241089060E+00      -4.734177102080E+00    H
  279       4.615877224920E+00       5.578997618650E+00      -4.900174766290E+00    H
  280      -9.121651881030E+00      -7.296888573920E+00       4.806799335590E+00    O
  281      -8.227931241660E+00      -7.507523735010E+00       4.410698025730E+00    H
  282      -9.813315558530E+00      -7.291086606350E+00       4.084602898040E+00    H
  283       7.528522749620E+00      -3.906003828620E+00      -8.328378842020E+00    O
  284       7.278509871760E+00      -4.616075546450E+00      -7.670129864470E+00    H
  285       7.074692660210E+00      -3.049358856110E+00      -8.083026766400E+00    H
  286      -2.937379989520E+00       3.748839115440E+00       1.784578848960E+00    O
  287      -2.402702652590E+00       4.556242624240E+00       2.034017657790E+00    H
  288      -2.585186673790E+00       2.951416181550E+00       2.274554902310E+00    H
  289      -6.371076510490E+00       5.353047220520E+00       3.813912357460E+00    O
  290      -6.710825516230E+00       4.952729342220E+00       4.664980045370E+00    H
  291      -5.882618759790E+00       6.201793866120E+00       4.016491125760E+00    H
  292      -8.180414714920E+00      -1.570300145290E+00      -8.942832809260E-01    O
  293      -7.255088142250E+00      -1.744350295490E+00      -1.231147169050E+00    H
  294      -8.556612074350E+00      -2.410635644430E+00      -5.040118425210E-01    H
  295      -2.268466490950E+00       2.224170178880E+00      -9.666424506020E+00    O
  296      -2.305017329020E+00       2.230263296770E+00      -8.667111286780E+00    H
  297      -3.184124900680E+00       2.058041626090E+00       9.967555029200E+00    H
  298       4.233494179190E+00       4.092821783220E+00      -8.560817456290E-01    O
  299       4.291678919490E+00       4.467508305770E+00       6.924227644200E-02    H
  300       4.516529454280E+00       4.788868311120E+00      -1.515937990630E+00    H
  301       8.068518208030E+00      -7.925967204970E+00      -8.922044751320E+00    O
  302       8.547926807510E+00      -7.320674595690E+00      -8.286601400660E+00    H
  303       8.678721857990E+00      -8.167977830540E+00      -9.676420229890E+00    H
  304       8.076240239130E+00       4.868589943590E+00       2.731062498640E+00    O
  305       8.896609525810E+00       4.992818954710E+00       2.172885657240E+00    H
  306       8.208476916310E+00       5.306890803410E+00       3.620110201230E+00    H
  307       8.664059428600E+00       8.166357283980E+00      -8.229784240040E+00    O
  308       8.329444941170E+00       7.919160865100E+00      -9.139139547560E+00    H
  309       7.913173763180E+00       8.110384437350E+00      -7.571728195380E+00    H
  310       8.537444798340E+00       3.098585235410E+00       6.346992449950E+00    O
  311       7.820753963960E+00       3.014009767990E+00       7.039236076300E+00    H
  312       8.213586897080E+00       2.712883619120E+00       5.483076757890E+00    H
  313       8.342673748930E+00      -6.978355319030E+00      -3.136733716070E+00    O
  314       8.424080036930E+00      -7.525805400450E+00      -2.303864323770E+00    H
  315       8.014449303580E+00      -6.063071481110E+00      -2.903229520160E+00    H
  316      -2.836640710810E+00      -9.178355051910E+00       7.998100382880E+00    O
  317      -2.152882889280E+00      -9.886530085030E+00       8.174064481420E+00    H
  318      -2.977991676640E+00      -9.089147179730E+00       7.012168407540E+00    H
  319       3.376002642970E+00       7.624748655950E+00       2.850239808170E+00    O
  320       4.092151697450E+00       7.743560615230E+00       3.538000122600E+00    H
  321       2.585251288620E+00       7.175952177630E+00       3.266525787560E+00    H
  322       1.254141357200E+00      -3.050359145880E+00      -3.495439767530E+00    O
  323       1.060693890270E+00      -2.683784259120E+00      -4.405495221850E+00    H
  324       7.554536993780E-01      -2.520258891860E+00      -2.809652380190E+00    H
  325       4.050135949290E+00      -3.995912231290E+00       5.921065594930E+00    O
  326       4.219772023700E+00      -4.593920355780E+00       6.704398145840E+00    H
  327       4.896893755610E+00      -3.877784573570E+00       5.402368116710E+00    H
  328       6.724306377660E+00       6.851825264120E+00      -6.183792312590E+00    O
  329       6.178957878350E+00       7.284995022270E+00      -6.901398733220E+00    H
  330       6.459896335870E+00       5.891218307920E+00      -6.098225931910E+00    H
  331      -7.058969141040E+00      -4.724466173960E+00       9.021163945800E+00    O
  332      -7.486889022460E+00      -5.046546281210E+00       8.176682460150E+00    H
  333      -7.030366006420E+00      -3.724875864030E+00       9.020128095220E+00    H
  334      -9.070006465520E-01       6.295589831760E+00       5.371776116750E+00    O
  335      -1.328746547110E+00       7.201624160110E+00       5.336673535420E+00    H
  336      -1.305071429860E+00       5.771584394190E+00       6.124742220150E+00    H
  337      -5.276073375450E+00      -2.280383068410E+00      -5.447422406620E+00    O
  338      -4.303993673670E+00      -2.264427374850E+00      -5.213314591240E+00    H
  339      -5.659953376970E+00      -1.363303788910E+00      -5.339711035140E+00    H
  340      -5.731414618410E+00      -1.872818567590E+00       8.422188696140E+00    O
  341      -6.351514194960E+00      -1.655801745660E+00       9.176098647100E+00    H
  342      -5.253970314480E+00      -1.042811311110E+00       8.133857478890E+00    H
  343      -6.972270290260E+00      -3.951083605970E+00      -4.108566016500E+00    O
  344      -6.460935617680E+00      -3.315713838100E+00      -4.687221449990E+00    H
  345      -7.200840731320E+00      -4.770485367700E+00      -4.634243014610E+00    H
  346       7.694880281810E+00       3.710439959090E+00      -3.656034844730E+00    O
  347       8.416279884710E+00       4.344074254440E+00      -3.376588619700E+00    H
  348       7.819827207800E+00       2.835679672710E+00      -3.187865316630E+00    H
  349       6.199972838880E+00      -3.578913962160E+00       4.575544773780E+00    O
  350       6.207611352360E+00      -2.715615600390E+00       5.080180872040E+00    H
  351       7.012882181060E+00      -4.110829354150E+00       4.812703828350E+00    H
  352      -4.512178689350E-01      -2.881978001580E+00      -6.035564531450E+00    O
  353      -1.274631558710E-01      -3.509249126890E+00      -6.743882130500E+00    H
  354      -1.213726881730E+00      -3.300900769820E+00      -5.542529320070E+00    H
  355       4.345908542300E+00      -5.157210908230E+00       3.163057781690E+00    O
  356       4.172800077520E+00      -6.034235361250E+00       3.611233604590E+00    H
  357       4.997476853700E+00      -4.628019142460E+00       3.706578536240E+00    H
  358       5.086690495630E+00       6.811888909500E+00      -8.374613358400E+00    O
  359       4.449435103360E+00       6.448753671920E+00      -9.054347397750E+00    H
  360       4.671728626800E+00       7.596857940370E+00      -7.914580459590E+00    H
  361      -7.621014589110E+00       7.466358026350E-01      -2.570816960360E+00    O
  362      -8.031782884860E+00       2.372843149820E-01      -1.814622230660E+00    H
  363      -6.989273381390E+00       1.431280351420E+00      -2.207272068650E+00    H
  364      -1.674180213570E+00       9.604796391690E+00      -3.687454599100E+00    O
  365      -1.976660843490E+00      -9.447362676260E+00      -3.787968459120E+00    H
  366      -2.277224800350E+00       9.128557303350E+00      -3.047506509730E+00    H
  367      -4.024879259000E-01       2.349469552520E+00       5.913549278190E+00    O
  368      -8.828272549250E-01       3.070218002760E+00       6.413345036930E+00    H
  369      -3.020446968800E-01       1.546531946910E+00       6.501088518790E+00    H
  370      -4.215501053440E-01      -2.012412507090E-01       6.865047720420E+00    O
  371      -4.062228534780E-01      -3.787334680240E-01       5.881044880920E+00    H
  372       1.224881343530E-01      -8.947506318750E-01       7.337347553130E+00    H
  373      -8.252884585050E+00       6.278812694280E+00       5.799541212250E+00    O
  374      -9.198520634230E+00       6.025080220450E+00       5.596090249590E+00    H
  375      -8.062867961400E+00       7.185750045660E+00       5.423564719090E+00    H
  376       7.679079238300E+00       3.167694145680E+00      -7.879011882690E+00    O
  377       8.102692789480E+00       3.355286696210E+00      -8.765217611770E+00    H
  378       8.332949096050E+00       3.364987620400E+00      -7.148580849690E+00    H
  379      -6.275938765000E+00      -2.162963276470E+00       3.225178257310E+00    O
  380      -6.905425100070E+00      -2.938480668060E+00       3.273341825570E+00    H
  381      -5.480382768670E+00      -2.342991472170E+00       3.803694035360E+00    H
  382      -3.579892579240E+00       5.715673640160E+00      -3.065828443260E+00    O
  383      -3.123160403250E+00       5.587279356110E+00      -3.946118524570E+00    H
  384      -3.090531423070E+00       5.205120090060E+00      -2.358820146770E+00    H
  385      -8.942186116090E+00      -8.377329081980E+00      -1.785573484300E+00    O
  386      -9.233594793580E+00      -9.153692015930E+00      -2.344448763300E+00    H
  387      -8.868893828420E+00      -8.663294115180E+00      -8.301404723340E-01    H
  388       6.750666250940E+00      -9.672150707060E+00      -7.060232427130E+00    O
  389       7.055212434960E+00      -8.989398837100E+00      -7.724387157480E+00    H
  390       7.284808151320E+00      -9.581023348480E+00      -6.219763370720E+00    H
  391       3.998096097010E+00      -4.063905619730E+00      -2.510383249570E+00    O
  392       4.329351156950E+00      -3.759758149990E+00      -1.617206670210E+00    H
  393       3.009668536190E+00      -3.922443633790E+00      -2.565150607880E+00    H
  394       1.397908710660E+00       5.952767923980E+00       3.460073337030E+00    O
  395       1.154041150540E+00       4.993053073390E+00       3.320516829870E+00    H
  396       1.068524040690E+00       6.253627273570E+00       4.355053443480E+00    H
  397      -7.754996964530E+00       3.418368371410E+00       2.347488096350E+00    O
  398      -7.089691518660E+00       2.956329934140E+00       1.761067474120E+00    H
  399      -7.308965137140E+00       4.174764759590E+00       2.825944063930E+00    H
  400       5.471544880400E+00      -9.984610205970E+00      -2.563693189310E+00    O
  401       5.843714908130E+00       9.794005680040E+00      -1.662317271870E+00    H
  402       5.926355141130E+00       9.457877987400E+00      -3.258191722220E+00    H
  403       6.944200863630E+00       9.902610443710E+00      -1.101393297300E-01    O
  404       6.376109663390E+00       9.740365963820E+00       6.966748477330E-01    H
  405       7.864999217140E+00       9.548757932170E+00       5.393014408690E-02    H
  406      -6.330336415830E+00       2.742931791670E-01      -4.776072728320E+00    O
  407      -5.637353398890E+00       9.708497126010E-01      -4.590106242210E+00    H
  408      -6.913942837430E+00       1.616870831910E-01      -3.971881574540E+00    H
  409      -9.485327734690E+00       6.186939947790E+00      -9.810986676820E+00    O
  410       9.719034154700E+00       6.780318104990E+00      -9.932897954000E+00    H
  411      -9.277252105350E+00       6.104459507000E+00      -8.836357768280E+00    H
  412      -9.924102086730E+00      -2.794033867200E+00      -9.360068729190E+00    O
  413       9.428655888320E+00      -3.492824920710E+00      -9.055488978270E+00    H
  414       9.573116029350E+00      -1.993471174250E+00      -9.686120491720E+00    H
  415       3.536256427060E+00      -5.125817560020E+00      -9.672259182050E+00    O
  416       4.060323756370E+00      -4.366691454600E+00       9.941630742410E+00    H
  417       3.200270437860E+00      -4.871657452650E+00      -8.765332473390E+00    H
  418      -9.769981465350E+00      -1.935901303800E+00      -5.982043750860E+00    O
  419      -9.667959058590E+00      -2.102024865780E+00      -5.001230623560E+00    H
  420      -9.974707829850E+00      -2.797501215980E+00      -6.446514101910E+00    H
  421       3.830574042180E+00      -9.858754137020E+00      -8.812581941050E+00    O
  422       2.859530433040E+00      -9.789402727430E+00      -9.041196663070E+00    H
  423       3.940005560430E+00       9.586719038340E+00      -7.987642704750E+00    H
  424       1.287179399440E+00      -5.757983743240E+00      -4.162875968040E+00    O
  425       1.377801184220E+00      -4.890667305960E+00      -3.673437626950E+00    H
  426       2.139479311050E+00      -5.958794111260E+00      -4.645846005160E+00    H
  427      -5.831094089430E+00       1.640800506070E+00      -8.403205928240E+00    O
  428      -6.530437747730E+00       9.521182133560E-01      -8.211802826660E+00    H
  429      -5.281069097660E+00       1.348788685010E+00      -9.185639059440E+00    H
  430       5.336783826200E+00      -6.475494795950E+00       9.249545149480E-01    O
  431       4.909434977450E+00      -6.217698547470E+00       1.791507488370E+00    H
  432       4.652448953580E+00      -6.453000722600E+00       1.961336873260E-01    H
  433      -2.775874485210E+00      -3.824601600780E+00       5.452432463030E+00    O
  434      -2.127475202810E+00      -4.574292936000E+00       5.319988993990E+00    H
  435      -2.755407571560E+00      -3.531146651410E+00       6.408186248340E+00    H
  436       1.180837573620E+00      -6.935962740580E+00       9.306457969680E-01    O
  437       1.391223227980E+00      -6.128474303000E+00       3.795556957930E-01    H
  438       1.644858487780E+00      -7.733184491850E+00       5.444825277300E-01    H
  439      -5.556902066540E+00      -4.482862896560E+00       5.220136606910E+00    O
  440      -4.744418681560E+00      -3.904018927430E+00       5.289493715620E+00    H
  441      -5.582541574450E+00      -5.115448794260E+00       5.994202300300E+00    H
  442       1.707826484460E+00      -4.617921192340E+00      -1.010484295900E+00    O
  443       9.435721493680E-01      -4.012504760740E+00      -1.232714482090E+00    H
  444       2.094494234360E+00      -4.355801411810E+00      -1.263003377590E-01    H
  445      -6.001292624980E+00       2.629574384820E+00      -1.640171273940E+00    O
  446      -5.951324650840E+00       3.628105128900E+00      -1.619205714580E+00    H
  447      -5.741898144320E+00       2.264021185700E+00      -7.462555273470E-01    H
  448      -9.005483776580E+00       8.803405712690E+00       4.738072023740E+00    O
  449      -9.212456006600E+00       9.461010600270E+00       5.462446448910E+00    H
  450      -8.207712602390E+00       9.115752842910E+00       4.222319734490E+00    H
  451      -5.685397655060E+00      -7.628690315900E+00      -1.262928545490E+00    O
  452      -6.478149138650E+00      -7.020854490190E+00      -1.308543173140E+00    H
  453      -5.961041303080E+00      -8.555649256230E+00      -1.517423540050E+00    H
  454       9.368000007080E-01       5.531846985370E+00       9.336348444810E+00    O
  455       1.091935896220E+00       4.582324356100E+00       9.063695496100E+00    H
  456       1.853482999490E-02       5.622145862580E+00       9.721880789790E+00    H
  457       3.668346502880E+00       3.017354126600E+00       2.850108008450E+00    O
  458       3.193919676950E+00       3.567899415950E+00       3.536998881310E+00    H
  459       3.079757168210E+00       2.261050747230E+00       2.564507249580E+00    H
  460      -8.503631854550E-01      -2.552833291980E-01       3.763661449510E+00    O
  461      -1.497482253640E+00      -1.303243435170E-01       3.011582887460E+00    H
  462       8.108077440480E-02      -2.828330951110E-01       3.400821043770E+00    H
  463       9.124882977290E+00       5.600203924240E-01      -5.624910785460E+00    O
  464       8.254351874270E+00       9.501433391620E-01      -5.924876925390E+00    H
  465       9.276960026160E+00      -3.123023299980E-01      -6.089588780590E+00    H
  466       3.424648993090E+00       5.505851972440E-01       4.957160670320E+00    O
  467       3.246359101230E+00      -3.475963320510E-01       5.359009715230E+00    H
  468       3.044850793650E+00       1.261756329440E+00       5.548759308280E+00    H
  469      -6.652154132460E+00       7.768833094680E+00      -7.374277816050E+00    O
  470      -7.441319851870E+00       7.252291552470E+00      -7.042009396720E+00    H
  471      -6.146858556340E+00       7.215934741190E+00      -8.036833316710E+00    H
  472      -4.727883632040E+00      -4.830367863890E+00       4.488395854300E-01    O
  473      -4.177745446840E+00      -5.220071264720E+00      -2.897260762160E-01    H
  474      -4.260303322390E+00      -4.969402573200E+00       1.321787466830E+00    H
  475      -8.920686888470E-02      -6.107371999220E-01      -4.431834901280E+00    O
  476      -9.635963249040E-01      -1.259755293240E-01      -4.410640517080E+00    H
  477      -1.969112939210E-01      -1.470786509690E+00      -4.930548187250E+00    H
  478      -2.662368322900E+00      -8.585739703070E+00      -7.984477210220E+00    O
  479      -2.533065131180E+00      -7.608341841930E+00      -8.151731823480E+00    H
  480      -3.313213713400E+00      -8.954245812030E+00      -8.648256936730E+00    H
  481       7.024341377150E+00      -9.522813785750E-01       1.186410274770E+00    O
  482       7.940261852010E+00      -6.697159133190E-01       9.013726604320E-01    H
  483       6.549703773040E+00      -1.756122550170E-01       1.600540951340E+00    H
  484       4.822192394880E+00       1.066547445580E-01      -8.898236686070E+00    O
  485       4.185422608900E+00      -9.868061584170E-02      -8.155026332650E+00    H
  486       4.382331064540E+00      -8.314247481360E-02      -9.776017424970E+00    H
  487       2.305374132480E+00      -9.958460256480E+00       2.271560253970E+00    O
  488       2.448011695610E+00      -9.779976245550E+00       1.298011085500E+00    H
  489       2.637108217300E+00       9.124882932570E+00       2.494479046160E+00    H
  490      -7.843226563660E+00       6.417678260410E+00      -3.363849247090E+00    O
  491      -8.808606480920E+00       6.163856520200E+00      -3.303714901200E+00    H
  492      -7.374446819270E+00       6.147123276830E+00      -2.522989239650E+00    H
  493       9.737919475220E+00       5.637372391640E+00      -2.950636982700E+00    O
  494       9.620844923670E+00       6.105071319660E+00      -3.826737012430E+00    H
  495       9.156121272310E+00       6.069633325260E+00      -2.261680281340E+00    H
  496       1.171802205740E+00      -2.370087959980E+00       3.099281421990E+00    O
  497       1.696931621320E+00      -2.406616138180E+00       3.949519499870E+00    H
  498       2.117051784370E-01      -2.573215927590E+00       3.291512342870E+00    H
  499       5.245946340390E+00       7.156576114020E-01       2.853631370490E+00    O
  500       5.110850675650E+00       1.345869385960E+00       2.089051563940E+00    H
  501       4.869956105190E+00       1.118539224300E+00       3.688087929590E+00    H
  502       3.836203313890E-01      -5.709085002610E+00      -9.212933120620E+00    O
  503      -3.491026105090E-01      -5.792222189750E+00      -8.537503406640E+00    H
  504       7.486226872820E-01      -4.778234666780E+00      -9.195876377670E+00    H
  505       6.658418800600E+00       6.386189676770E+00       9.668357490530E-01    O
  506       7.345403557480E+00       6.079276234120E+00       1.625513274510E+00    H
  507       5.872291592870E+00       5.768678207040E+00       9.929814567670E-01    H
  508      -6.211619117570E+00       9.588484500570E+00      -2.047950624770E+00    O
  509      -7.013508577300E+00       9.689099519810E+00      -2.636890275560E+00    H
  510      -5.501472048720E+00       9.080719964390E+00      -2.535666029900E+00    H
  511      -6.374952361430E+00      -7.743656924450E+00       4.088099253290E+00    O
  512      -5.870140280960E+00      -7.980893457090E+00       4.918089368280E+00    H
  513      -5.750721760570E+00      -7.330822355360E+00       3.424846831110E+00    H
  514      -4.562524015680E+00       9.774219573290E+00       5.140696106180E+00    O
  515      -4.087560082600E+00      -9.347199097050E+00       5.090655028460E+00    H
  516      -5.316055360570E+00       9.839463570070E+00       5.794862547650E+00    H
  517       3.868543721600E+00       9.927475170290E+00       6.599592076290E+00    O
  518       4.223344348430E+00      -9.137932539330E+00       6.625160923760E+00    H
  519       2.880778037890E+00       9.941572889590E+00       6.754898896440E+00    H
  520      -1.474458616920E-01      -2.218657615260E+00      -1.093218351720E+00    O
  521      -1.054931081840E+00      -2.233442401680E+00      -1.513042106770E+00    H
  522       2.613539689310E-01      -1.314167320650E+00      -1.214791397380E+00    H
  523       8.193750531080E+00       6.905748961650E+00      -1.161039721780E+00    O
  524       7.545727550510E+00       6.550007569430E+00      -4.876050341370E-01    H
  525       8.693588938420E+00       7.677272915060E+00      -7.674506519950E-01    H
  526      -8.517822614240E+00      -8.668703796510E+00       8.440461669990E-01    O
  527      -7.995745450690E+00      -9.169235857050E+00       1.534627872280E+00    H
  528      -8.150764179770E+00      -7.742777354810E+00       7.550049954130E-01    H
  529       5.929076060110E-01      -7.330880143910E+00       3.602227489540E+00    O
  530       9.826238497800E-01      -6.631342945090E+00       4.201200741700E+00    H
  531       9.245047171770E-01      -7.192971912570E+00       2.668940462100E+00    H
  532      -9.431922415660E+00      -9.168320607310E+00       6.541121263840E+00    O
  533       9.650331947940E+00      -9.049814502690E+00       6.920198103050E+00    H
  534      -9.226177027830E+00      -8.409784859300E+00       5.922823314330E+00    H
  535       3.163982234350E+00      -3.700537527970E+00      -7.336489567230E+00    O
  536       3.578576546180E+00      -3.933941607640E+00      -6.456924849780E+00    H
  537       3.079782234660E+00      -2.706961046370E+00      -7.412094694470E+00    H
  538       4.784678192430E-01       2.625268271660E+00       9.848329140070E+00    O
  539      -5.170909841050E-01       2.718349793490E+00       9.862418120460E+00    H
  540       8.748461077010E-01       3.172275994980E+00      -9.414333214710E+00    H
  541       9.745074841520E+00       8.757105994680E-01      -1.456575452600E+00    O
  542       8.913467022550E+00       6.525742125360E-01      -1.965140677770E+00    H
  543       9.885195659480E+00       1.865811549890E+00      -1.464715743800E+00    H
  544       9.635261351990E+00       3.695461910300E+00      -6.265183377940E+00    O
  545      -9.852262029470E+00       3.252910794030E+00      -7.001061238020E+00    H
  546      -9.920371516730E+00       3.506942750600E+00      -5.389398941530E+00    H
  547       2.068780817010E+00      -8.140298044610E-01      -7.999687067050E+00    O
  548       2.119803075020E+00       1.823673236790E-01      -8.067432858220E+00    H
  549       2.195340986510E+00      -1.090252574510E+00      -7.046962812710E+00    H
  550       2.649854917120E+00      -6.577752354770E+00       7.948940332060E+00    O
  551       2.838717558450E+00      -5.750928830490E+00       8.478745732560E+00    H
  552       2.010269271440E+00      -7.157929094300E+00       8.453246937960E+00    H
  553      -5.260650640920E+00      -7.198463941850E+00      -8.421313486370E+00    O
  554      -4.805590429440E+00      -8.049253390860E+00      -8.158487465230E+00    H
  555      -5.530079261540E+00      -7.247907422200E+00      -9.383063745350E+00    H
  556      -9.967145421850E+00       1.705626586360E+00       9.449906707010E+00    O
  557      -9.804092247570E+00       1.387308315670E+00       8.516050646950E+00    H
  558       9.614408728790E+00       2.613507356040E+00       9.424302425960E+00    H
  559       3.651091982700E+00      -7.038189324910E+00      -5.251393527810E+00    O
  560       3.989134220680E+00      -7.222902939640E+00      -6.174219798500E+00    H
  561       4.370499987970E+00      -7.239033657870E+00      -4.586477235430E+00    H
  562      -8.459246278430E+00       2.548237719410E+00       6.858589340450E+00    O
  563      -8.447661535050E+00       1.771635986180E+00       6.228704000360E+00    H
  564      -9.198419960850E+00       3.172154637040E+00       6.604916426820E+00    H
  565       9.104215183020E+00      -7.266966812900E+00       2.981365185850E+00    O
  566       8.238450590140E+00      -7.755780876080E+00       3.088661417580E+00    H
  567       9.108496937160E+00      -6.784992102700E+00       2.105190519860E+00    H
  568      -5.395444211320E+00       8.534065853280E-01       3.546584710230E+00    O
  569      -5.139623927820E+00      -1.074829473250E-01       3.652637944920E+00    H
  570      -4.599795464620E+00       1.431934365040E+00       3.726163884930E+00    H
  571      -4.436336532280E+00       4.035426017180E-01       6.595701078930E+00    O
  572      -4.130965080060E+00      -4.138269731860E-01       6.107177533750E+00    H
  573      -4.706736479150E+00       1.104652552920E+00       5.935906637410E+00    H
  574      -6.306808328110E+00      -8.875472493260E+00      -5.190686708990E+00    O
  575      -5.942572253830E+00      -8.210650333540E+00      -4.538503009300E+00    H
  576      -6.041745071060E+00      -9.797816382780E+00      -4.909576020450E+00    H
  577      -8.446602125680E+00       5.814752262930E+00      -6.875888340000E+00    O
  578      -8.082228585740E+00       4.979847037590E+00      -6.463377506080E+00    H
  579      -9.305738609860E+00       6.060743301700E+00      -6.427142409220E+00    H
  580      -4.715022939300E+00      -5.588331637660E+00      -6.207094724740E+00    O
  581      -5.020280267430E+00      -5.890226684890E+00      -5.303946152200E+00    H
  582      -4.979872195280E+00      -6.266695320020E+00      -6.892424999900E+00    H
  583       7.284910480500E+00      -5.021556650730E+00       9.110289703800E+00    O
  584       7.214799249450E+00      -4.897719373020E+00      -9.899887714160E+00    H
  585       8.157640468390E+00      -4.653678407260E+00       8.789341162410E+00    H
  586       3.198434073510E+00      -1.348460265480E+00      -5.665337135940E+00    O
  587       3.131001891930E+00      -7.898112527540E-01      -4.838678692890E+00    H
  588       3.969500955100E+00      -1.979372327450E+00      -5.579279979520E+00    H
  589       7.340206878310E+00      -3.715965561490E+00       9.595894776540E-01    O
  590       6.976768075900E+00      -2.784574261960E+00       9.390350607150E-01    H
  591       6.620255892760E+00      -4.348459176040E+00       1.245285830380E+00    H
  592       6.711406389510E-01       4.344301542820E-01      -1.144900811070E+00    O
  593       1.112760056590E+00       1.311679772710E+00      -9.567375922030E-01    H
  594      -2.015848259100E-01       5.928692212150E-01      -1.606687910340E+00    H
  595       1.268773512640E+00       6.696458448260E+00      -6.003569513640E-01    O
  596       1.144282362590E+00       5.874605124970E+00      -4.442613860970E-02    H
  597       1.704490130250E+00       6.450369916770E+00      -1.466146454540E+00    H
  598      -9.013320150470E+00       2.094419004420E+00      -8.033431769030E+00    O
  599      -8.569020718000E+00       1.303440264660E+00      -7.612776747000E+00    H
  600      -9.312482059570E+00       1.856357605150E+00      -8.957460406200E+00    H
  601      -9.099689259880E+00      -1.618660182860E+00       8.062167321500E+00    O
  602      -8.773592304900E+00      -1.457363025170E+00       7.130693219410E+00    H
  603      -8.387990891170E+00      -1.357636513320E+00       8.714357536020E+00    H
  604      -2.181227950060E+00      -8.682487597790E+00       2.814736617070E+00    O
  605      -1.326106487270E+00      -8.189517508890E+00       2.654275483700E+00    H
  606      -2.577389530330E+00      -8.388313667090E+00       3.684516877140E+00    H
  607      -4.719042578050E-01      -6.586563224070E+00      -2.332622259740E+00    O
  608      -3.475141177300E-01      -7.565283952870E+00      -2.169426585560E+00    H
  609       3.191091111790E-01      -6.228143814020E+00      -2.828438129380E+00    H
  610      -7.622930798110E+00       6.897043438290E+00       8.288525477010E+00    O
  611      -7.847416935340E+00       6.575245189380E+00       7.368714702350E+00    H
  612      -8.277080994410E+00       6.518105113790E+00       8.943119448040E+00    H
  613       6.233906883510E+00      -9.562677351560E+00       9.766385047920E+00    O
  614       6.892595212440E+00      -9.046933010800E+00      -9.685766925430E+00    H
  615       5.373717975450E+00      -9.644974101300E+00      -9.730323498310E+00    H
  616      -4.699939843370E+00       5.372632942280E+00       7.272438220350E+00    O
  617      -5.512253091070E+00       5.002303123980E+00       7.722996777370E+00    H
  618      -4.313092239380E+00       6.105336663450E+00       7.832343737620E+00    H
  619      -1.519819208480E+00       5.510583250030E+00      -9.490235689950E+00    O
  620      -1.237938152920E+00       4.716162760590E+00      -8.952240191390E+00    H
  621      -2.434614440810E+00       5.797852190080E+00      -9.206288090950E+00    H
  622      -1.639412322700E-01       3.939978935600E+00      -2.301256869170E+00    O
  623       4.625627735830E-01       4.632996998880E+00      -2.657934166750E+00    H
  624       3.615382930790E-01       3.200812968530E+00      -1.879943516000E+00    H
  625      -3.594257250550E+00       4.824405184150E+00       4.907682911470E+00    O
  626      -3.797753033920E+00       5.511949848630E+00       4.210637862360E+00    H
  627      -4.062665289040E+00       5.063327745690E+00       5.758276774050E+00    H
  628      -8.376051346230E+00       7.126994650020E+00      -5.482563517560E-01    O
  629      -8.951826523180E+00       7.942641168330E+00      -6.048576129670E-01    H
  630      -7.638644696520E+00       7.284470840040E+00       1.085790024570E-01    H
  631       3.017330622250E+00       9.102235291430E-01      -3.487389793470E+00    O
  632       3.688331886750E+00       4.916345693520E-01      -2.875392582880E+00    H
  633       2.188077936950E+00       1.129058831500E+00      -2.973141707070E+00    H
  634      -9.055216094700E+00      -9.752212216870E+00      -5.648010674150E+00    O
  635      -8.183991828000E+00      -9.270013862740E+00      -5.556070343510E+00    H
  636      -9.115247762910E+00       9.838615166620E+00      -6.558490750100E+00    H
  637      -3.454849503320E-01      -6.695574540650E+00      -6.084632024170E+00    O
  638       6.660622610500E-02      -6.118431516950E+00      -5.379588201070E+00    H
  639       2.634612089600E-01      -7.463045084190E+00      -6.285065404340E+00    H
  640       7.197139542480E-01      -2.296890502550E+00       8.066270470340E+00    O
  641       8.963790659830E-01      -2.336635247690E+00       9.049738717690E+00    H
  642       1.598909087580E-01      -3.080275520300E+00       7.796259226680E+00    H
  643       4.894768225380E+00      -3.285796696910E+00       9.085670203670E+00    O
  644       4.682215929030E+00      -2.403489928430E+00       8.665722245440E+00    H
  645       5.885315394460E+00      -3.375583788570E+00       9.189374514130E+00    H
  646       5.645242514990E+00      -7.408685152150E+00      -3.324258124690E+00    O
  647       6.573938414180E+00      -7.038790435170E+00      -3.350750107930E+00    H
  648       5.638976413510E+00      -8.256024378490E+00      -2.793243085860E+00    H
  649       7.389102652980E+00      -1.140864827100E+00      -7.651055766690E+00    O
  650       7.678921982620E+00      -7.537657918800E-01      -8.526360909550E+00    H
  651       6.782013254740E+00      -4.963577582470E-01      -7.186240641360E+00    H
  652       4.146734146010E+00       5.283209973540E+00       1.520926664120E+00    O
  653       3.785518467250E+00       6.142619353440E+00       1.882781263570E+00    H
  654       3.982818591300E+00       4.549048541730E+00       2.179818675730E+00    H
  655       2.408291732800E+00       2.137967975000E+00       7.102510925310E+00    O
  656       1.558816310990E+00       1.665264357390E+00       7.336909725750E+00    H
  657       2.810088540080E+00       2.531135267260E+00       7.929541037190E+00    H
  658      -5.791730092260E+00      -2.847475307470E+00      -1.563927022550E+00    O
  659      -6.231243679140E+00      -3.371127939510E+00      -2.293732289670E+00    H
  660      -5.445291986530E+00      -3.474340181260E+00      -8.660580743170E-01    H
  661       8.995186372300E+00      -5.920147376900E+00       6.556633242190E-01    O
  662       8.418617281870E+00      -5.120673229310E+00       8.242135282970E-01    H
  663       8.612448905070E+00      -6.454146896550E+00      -9.823092843440E-02    H
  664      -5.518380359400E+00      -7.885997837810E+00       9.004316186030E+00    O
  665      -6.490247069170E+00      -8.101450521380E+00       8.909157163330E+00    H
  666      -4.983176243170E+00      -8.728937440420E+00       8.949458366850E+00    H
  667      -3.110918564970E+00      -7.757698783640E+00       5.498149391320E+00    O
  668      -2.279139839820E+00      -7.206006889140E+00       5.559632770710E+00    H
  669      -3.893877873860E+00      -7.215365374800E+00       5.802861048940E+00    H
  670      -3.038547695080E+00      -1.156444132030E+00      -3.893274786200E+00    O
  671      -2.956525882760E+00      -1.884806455690E+00      -3.213009582190E+00    H
  672      -3.529812458460E+00      -3.819473627670E-01      -3.494760436830E+00    H
  673       3.507698709050E+00       2.901085770310E+00       9.368954361060E+00    O
  674       4.401086570160E+00       2.644407334590E+00       9.737701307160E+00    H
  675       2.806904300700E+00       2.767058667950E+00      -9.930385997560E+00    H
  676      -2.176897916680E+00       8.658926025650E+00       5.332790879760E+00    O
  677      -3.080776328860E+00       9.069910181780E+00       5.214064979510E+00    H
  678      -1.473028227680E+00       9.354922743300E+00       5.190818946110E+00    H
  679       5.303300587860E+00       8.217097822430E+00       8.220461028960E+00    O
  680       5.704588488880E+00       9.029509109940E+00       8.643492848600E+00    H
  681       4.770275675370E+00       8.487564594340E+00       7.418755242550E+00    H
  682       5.655368629710E+00       2.809077259650E+00       4.670196795580E+00    O
  683       4.893490987210E+00       2.799077524200E+00       4.022553017600E+00    H
  684       6.489309567890E+00       2.506812130340E+00       4.208484435730E+00    H
  685       7.936604898550E+00       2.433808628410E+00       3.639229144930E+00    O
  686       7.969577033820E+00       3.387215047910E+00       3.339347439010E+00    H
  687       8.807362224850E+00       1.988502416270E+00       3.430700834800E+00    H
  688      -2.348989922720E+00      -4.166966635080E+00      -4.937221576400E+00    O
  689      -2.315163598880E+00      -4.265029675340E+00      -3.942616418590E+00    H
  690      -3.243641934260E+00      -4.463736481910E+00      -5.271175819180E+00    H
  691      -8.221082772490E-01      -9.154247035110E+00      -1.185452950120E+00    O
  692      -5.354647378320E-01      -9.789749346890E+00      -4.685343403540E-01    H
  693      -1.680169315540E+00      -8.715570594880E+00      -9.184431462650E-01    H
  694      -4.424541928580E+00      -4.362714099170E-01      -1.116559126780E+00    O
  695      -4.823262896990E+00      -1.294691997930E+00      -1.439259736360E+00    H
  696      -4.838231370280E+00       3.293550844360E-01      -1.609181819080E+00    H
  697       8.804856888950E-01       1.711932884200E+00      -5.477266370820E+00    O
  698      -6.932963140020E-03       1.852635377930E+00      -5.916232137450E+00    H
  699       9.229358069490E-01       7.866593561520E-01      -5.100348759420E+00    H
  700      -6.583774487040E+00       8.515017191120E+00      -4.878418620230E+00    O
  701      -7.036643762100E+00       7.742387599100E+00      -4.433499601490E+00    H
  702      -6.513762075960E+00       8.339867730740E+00      -5.860467971750E+00    H
  703      -6.527748373280E+00      -9.938770217560E+00       6.747697633230E+00    O
  704      -7.494686003490E+00      -9.700713661250E+00       6.839134470930E+00    H
  705      -6.207261487100E+00       9.637444690080E+00       7.594866064690E+00    H
  706       8.941812201120E+00      -5.029304584980E+00      -5.088726209680E+00    O
  707       8.532792483020E+00      -5.708239295770E+00      -4.479012728860E+00    H
  708       8.243049623670E+00      -4.373014649710E+00      -5.373356463200E+00    H
  709      -1.862690880050E+00       4.327582666500E+00       7.554371545490E+00    O
  710      -2.066110999170E+00       4.137864459180E+00       8.514906426140E+00    H
  711      -2.708401769410E+00       4.560573110800E+00       7.074279320520E+00    H
  712      -7.353516970380E+00      -6.189420478610E+00       1.211519431890E+00    O
  713      -6.359710382780E+00      -6.125922801240E+00       1.302714340850E+00    H
  714      -7.706324144920E+00      -5.343240296000E+00       8.121371637010E-01    H
  715       8.092948453120E+00      -1.702550291860E-01       9.892720668150E+00    O
  716       7.245731268390E+00       3.550859441070E-01       9.971713729060E+00    H
  717       8.857308543590E+00       4.528757677430E-01       9.727005062340E+00    H
  718      -9.321826365990E+00       5.622709733070E+00       1.396727427870E+00    O
  719      -9.032502279860E+00       6.003631565890E+00       5.185531111960E-01    H
  720      -8.727348024940E+00       4.856165115430E+00       1.639636569700E+00    H
  721       6.238043633990E+00      -1.448081176100E+00       6.053127425900E+00    O
  722       6.013056049770E+00      -4.811263702820E-01       6.173039854160E+00    H
  723       6.843666932350E+00      -1.743500130180E+00       6.792010408550E+00    H
  724       3.554667822480E+00       9.105416907290E+00      -4.107402775520E+00    O
  725       2.635942934170E+00       9.360107225280E+00      -3.805612415300E+00    H
  726       4.218348941320E+00       9.355361539560E+00      -3.402381461460E+00    H
  727       2.715198660660E+00      -3.831667776760E+00       1.500497659900E+00    O
  728       3.264953467420E+00      -4.327303627980E+00       2.172892451240E+00    H
  729       2.049307522580E+00      -3.255239499600E+00       1.974121385560E+00    H
  730       4.875902800730E+00      -1.454703588570E-01      -1.754493382850E+00    O
  731       4.215553099000E+00      -6.619930102850E-01      -1.209385483450E+00    H
  732       5.433195315270E+00       4.245308498310E-01      -1.150735421960E+00    H
  733      -7.157030210750E+00      -2.997333042180E-01       1.282273240250E+00    O
  734      -7.064546240100E+00      -9.284297424350E-01       2.054405031940E+00    H
  735      -7.808733361910E+00      -6.749705064420E-01       6.231222371930E-01    H
  736      -5.437068313080E+00       5.017570682450E+00       1.261432596550E+00    O
  737      -5.833107562720E+00       5.285096811480E+00       2.139830389710E+00    H
  738      -4.695016181080E+00       4.365115849330E+00       1.415254975090E+00    H
  739       7.618880672390E+00      -2.312911782060E+00       8.154552633600E+00    O
  740       8.360333205520E+00      -2.976172676260E+00       8.256204624950E+00    H
  741       7.793288906270E+00      -1.524911690450E+00       8.745008071020E+00    H
  742      -2.729488757560E+00       4.586893307270E+00      -8.572872595180E-01    O
  743      -2.925412052010E+00       4.178025191010E+00       3.402689732900E-02    H
  744      -1.771105807300E+00       4.427114367310E+00      -1.093872996640E+00    H
  745      -5.221292210970E+00       9.931119266530E+00      -8.637636408860E+00    O
  746      -5.858229963190E+00       9.689644267350E+00      -7.905516115080E+00    H
  747      -5.479209118150E+00       9.450539573220E+00      -9.475802279890E+00    H
  748      -7.255400119340E+00       3.831410918800E+00      -8.993378651650E+00    O
  749      -6.467580856910E+00       3.249358288630E+00      -8.791994577160E+00    H
  750      -8.030569787660E+00       3.550666776620E+00      -8.427432795640E+00    H
  751       5.906686676840E+00       1.706094523640E+00      -4.961708638620E-02    O
  752       6.781745788440E+00       2.085553939220E+00       2.508527176570E-01    H
  753       5.396707703440E+00       2.403007480500E+00      -5.538330889690E-01    H
  754       5.572143083260E+00       4.136442818530E+00      -5.319184401170E+00    O
  755       6.424150272080E+00       3.934262760230E+00      -4.836269321430E+00    H
  756       4.988676028350E+00       3.324306417510E+00      -5.319998016770E+00    H
  757       4.639239338090E+00      -3.485890236990E+00      -4.996684187410E+00    O
  758       5.618000993110E+00      -3.315607297810E+00      -5.110830336290E+00    H
  759       4.468872581370E+00      -3.850369789430E+00      -4.081189881550E+00    H
  760      -8.295394258870E+00      -6.297779596480E+00      -5.063483308150E+00    O
  761      -9.277623669090E+00      -6.117801941390E+00      -5.010253341320E+00    H
  762      -8.126344574870E+00      -7.033031465200E+00      -5.719857358430E+00    H
  763      -1.910204200570E+00      -2.616804085240E+00      -9.173035885530E+00    O
  764      -2.539022775070E+00      -3.374625115860E+00      -9.347088997910E+00    H
  765      -2.055894686820E+00      -1.899573809150E+00      -9.854471879060E+00    H
  766      -8.380630321240E+00      -3.974095923250E+00       3.237605056430E+00    O
  767      -8.973575413540E+00      -3.246916433620E+00       2.891734983460E+00    H
  768      -8.404843076290E+00      -4.751282942260E+00       2.608801366890E+00    H
  769       6.795818501360E+00      -1.845674082060E+00      -2.999252298360E+00    O
  770       7.494853749390E+00      -1.975753175860E+00      -2.296095735880E+00    H
  771       5.910908144370E+00      -1.681861794510E+00      -2.563248634910E+00    H
  772       5.716084361830E+00       1.196657925220E+00       6.845195916880E+00    O
  773       5.745852256070E+00       1.970814179510E+00       7.477490125630E+00    H
  774       5.449644538800E+00       1.518420414080E+00       5.936637321380E+00    H
  775       9.033817892220E+00      -2.295384236740E+00      -1.283506047110E+00    O
  776       9.433307927970E+00      -1.653913310660E+00      -6.285840957870E-01    H
  777       9.747374235870E+00      -2.632132372570E+00      -1.897865907010E+00    H
  778       7.248733083160E+00      -4.704936605100E+00      -1.914527316490E+00    O
  779       7.996823271560E+00      -4.227916403620E+00      -1.453210941960E+00    H
  780       6.374884699190E+00      -4.318138239100E+00      -1.619949608780E+00    H
  781       4.038575713640E+00       5.925955418480E+00       8.731050066840E+00    O
  782       4.714467465640E+00       6.570442117050E+00       8.373548689290E+00    H
  783       3.329398216640E+00       5.770992474790E+00       8.043261026640E+00    H
  784       4.322656722480E+00      -7.348095645740E+00      -8.002297931010E+00    O
  785       4.001832812600E+00      -6.700597244210E+00      -8.693541620930E+00    H
  786       4.369930231150E+00      -8.264282495310E+00      -8.400251285130E+00    H
  787       1.541249548180E+00      -9.887148808760E+00      -2.529710421200E+00    O
  788       1.786976635510E+00      -9.243653073490E+00      -1.804774950120E+00    H
  789       6.106917472840E-01       9.779528442580E+00      -2.378191034930E+00    H
  790      -4.513059853730E+00      -4.572435350770E+00      -9.750509568370E+00    O
  791      -4.695423968290E+00      -3.787481653180E+00      -9.158402295690E+00    H
  792      -5.317356888300E+00      -4.758131755200E+00       9.685023315180E+00    H
  793       4.230520573880E-02       9.032943657270E+00       4.928132569080E-01    O
  794       6.836359580100E-01       9.260123506030E+00       1.225673531790E+00    H
  795       4.419340174270E-01       8.328046393850E+00      -9.320437157490E-02    H
  796      -5.388816933780E+00       8.644049484730E+00       8.755388377940E+00    O
  797      -4.536115453620E+00       8.205921496320E+00       8.470881697000E+00    H
  798      -6.155172243270E+00       8.025152493880E+00       8.583150013050E+00    H
  799      -6.071786767190E+00       5.168960609530E+00      -1.396050737620E+00    O
  800      -6.061991101550E+00       5.147657324730E+00      -3.963256679150E-01    H
  801      -5.151247196550E+00       5.364374729600E+00      -1.734311318460E+00    H
  802       1.683783722290E+00      -5.670769278680E+00       5.541104726140E+00    O
  803       2.274126327370E+00      -4.883034492070E+00       5.365123151560E+00    H
  804       2.064050612820E+00      -6.211201802350E+00       6.291657708490E+00    H
  805      -2.780731354940E+00      -3.047493853320E+00      -1.917585290340E+00    O
  806      -2.320138069930E+00      -3.753899020410E+00      -1.380141743800E+00    H
  807      -3.697000360570E+00      -2.892169107470E+00      -1.548362684520E+00    H
  808      -3.086300303050E+00       2.142523315890E+00       4.358997373870E+00    O
  809      -2.158829690380E+00       1.871007764690E+00       4.616052947810E+00    H
  810      -3.285843808020E+00       3.046509174180E+00       4.737140148000E+00    H
  811      -6.622118244970E+00       3.591932722760E+00       8.464222802670E+00    O
  812      -6.943636137530E+00       3.881506656520E+00       9.365762142710E+00    H
  813      -7.381649863680E+00       3.190123516540E+00       7.952694619700E+00    H
  814      -7.160031867610E+00       4.221209305270E+00      -5.006501239090E+00    O
  815      -7.754433216020E+00       3.449681833620E+00      -4.779714119730E+00    H
  816      -7.209784362930E+00       4.905425921920E+00      -4.278921476660E+00    H
  817      -3.846834728830E+00       8.202619774010E+00      -2.363558828260E+00    O
  818      -3.884799700070E+00       8.068319346370E+00      -1.373345691560E+00    H
  819      -3.761173215200E+00       7.315557931740E+00      -2.817192373180E+00    H
  820       4.184918954560E+00       1.866247826280E+00      -5.587083957720E+00    O
  821       3.659533726130E+00       1.557435816690E+00      -4.794237500660E+00    H
  822       3.582045088400E+00       1.929298373730E+00      -6.382425224080E+00    H
  823       7.940909077750E+00      -9.008119459210E+00       7.636181086880E+00    O
  824       7.658225694930E+00      -8.093740936190E+00       7.346350064180E+00    H
  825       7.319335188420E+00      -9.339871151780E+00       8.345819526210E+00    H
  826      -3.164337397280E+00      -2.879279793110E+00       7.856618928390E+00    O
  827      -4.055922070240E+00      -2.717811114860E+00       8.279708324240E+00    H
  828      -2.497628211190E+00      -2.232464803910E+00       8.226928570340E+00    H
  829      -7.525137561680E+00      -1.308994995750E+00      -9.639352493060E+00    O
  830      -7.179363173030E+00      -1.028781193500E+00      -8.743852466720E+00    H
  831      -8.353882755840E+00      -1.855843102840E+00      -9.520446854310E+00    H
  832       7.646755712060E+00       1.003298853150E+00      -3.231501859380E+00    O
  833       6.834640378980E+00       4.214720744930E-01      -3.187385134490E+00    H
  834       8.210278567940E+00       7.304815789570E-01      -4.011253567170E+00    H
  835       7.723717882870E+00       9.264365716870E+00       3.906689788540E+00    O
  836       8.332568664860E+00       8.703724117810E+00       3.345457463510E+00    H
  837       7.584861743650E+00      -9.849435731140E+00       3.464681758010E+00    H
  838       6.145206263500E+00       2.080467986580E+00      -9.925831512370E+00    O
  839       6.586008182660E+00       2.491981866850E+00      -9.128116027750E+00    H
  840       5.467469038650E+00       1.410233558240E+00      -9.623411167290E+00    H
  841      -4.334913078630E+00       7.317054464800E+00       3.594472219910E+00    O
  842      -4.456250227980E+00       8.266543408520E+00       3.883864759440E+00    H
  843      -3.450418961180E+00       7.217998002070E+00       3.138557783440E+00    H
  844      -5.054778173400E-01      -4.603655963200E+00       8.244412334440E+00    O
  845      -1.416693048470E+00      -4.960227604630E+00       8.450673011950E+00    H
  846       1.560987178770E-01      -4.986587031050E+00       8.889145058380E+00    H
  847      -4.021637272370E+00      -1.708725207970E+00       1.309651316220E+00    O
  848      -4.769853851200E+00      -2.304805226800E+00       1.600959679180E+00    H
  849      -4.385423117410E+00      -9.705727628120E-01       7.415044807540E-01    H
  850      -9.452322690060E+00      -3.306254922770E+00      -3.596985631390E+00    O
  851       9.883681416390E+00      -4.019126865650E+00      -3.822646984720E+00    H
  852      -8.534739752340E+00      -3.702702789700E+00      -3.567479001330E+00    H
  853       1.519053112580E+00       1.416147467650E-01       9.551549678820E+00    O
  854       9.513773010710E-01       9.616848423020E-01       9.623862965530E+00    H
  855       1.479209648720E+00      -3.681893536140E-01      -9.589082950600E+00    H
  856       6.558893833900E+00       4.508017984630E+00       8.301348283110E+00    O
  857       5.813619577290E+00       4.343925418790E+00       8.947598940570E+00    H
  858       6.178677979600E+00       4.732140460890E+00       7.404016115090E+00    H
  859      -1.230317700550E+00      -5.885079473700E+00       5.895341492350E+00    O
  860      -1.276948662600E+00      -5.822895105660E+00       6.892316245160E+00    H
  861      -2.733982086600E-01      -5.875180733460E+00       5.605156894240E+00    H
  862       6.186044868770E-02       8.327394014220E+00      -5.167973832300E+00    O
  863      -6.019728420180E-01       8.725181713560E+00      -4.534656922370E+00    H
  864      -4.208798467200E-01       7.907200212970E+00      -5.936348074830E+00    H
  865      -1.978263895340E+00       4.717747034850E-01       1.174910041480E+00    O
  866      -2.590759150330E+00      -1.926847971080E-01       7.467241768430E-01    H
  867      -1.459184244390E+00       9.509989028920E-01       4.671668093150E-01    H
  868       3.840069055260E+00       8.016453977510E+00      -4.782167729070E-01    O
  869       4.476729341910E+00       7.343368916130E+00      -8.545413396680E-01    H
  870       3.115195868060E+00       7.545118687290E+00       2.417939215860E-02    H
  871       4.380272759910E+00      -7.367761785510E-01       8.512955085480E+00    O
  872       3.429524920310E+00      -5.603303244160E-01       8.258111199830E+00    H
  873       4.989268354290E+00      -2.614460189880E-01       7.877986105570E+00    H
  874       9.466289814530E+00       9.396606246390E+00       6.365499499030E-01    O
  875       9.514242520610E+00       8.779510580900E+00       1.421975616420E+00    H
  876      -9.979190876970E+00      -9.790945219160E+00       8.166491318990E-01    H
  877      -2.307392405680E+00      -6.479035385040E+00       8.753183517370E+00    O
  878      -2.628389796280E+00      -6.036142291330E+00       9.590325311070E+00    H
  879      -2.163723508020E+00      -7.453513902040E+00       8.925667915980E+00    H
  880      -8.241896807810E+00      -8.522500355430E+00       8.805278131120E+00    O
  881      -8.791881651000E+00      -7.688075526260E+00       8.769896261200E+00    H
  882      -8.731058323200E+00      -9.263851539000E+00       8.345800781860E+00    H
  883       2.700096809280E+00       3.995810267870E+00       5.082441986720E+00    O
  884       2.610077259470E+00       3.344579660510E+00       5.835963835570E+00    H
  885       2.310509210330E+00       4.875821118420E+00       5.354107968480E+00    H
  886       1.823102939940E+00       6.773000013140E+00      -8.474600195330E+00    O
  887       1.636658991960E+00       6.091303705090E+00      -9.182080794260E+00    H
  888       1.018972422780E+00       7.354681450420E+00      -8.352040753050E+00    H
  889      -8.139122594140E+00      -5.164386143340E+00       6.388498780410E+00    O
  890      -8.527550432100E+00      -5.946023982790E+00       5.900476134800E+00    H
  891      -7.451303732150E+00      -4.720949183660E+00       5.813808536990E+00    H
  892      -9.680264355150E+00      -6.172322124890E+00       9.477210406330E+00    O
  893      -9.485489867030E+00      -6.019491988390E+00      -9.553921259910E+00    H
  894       9.893962776530E+00      -5.354625034350E+00       9.089797277050E+00    H
  895      -1.425017675660E+00       5.863149615970E+00       2.447143135520E+00    O
  896      -1.135118534470E+00       5.765451714220E+00       3.399200700970E+00    H
  897      -1.453557020620E+00       6.833035940960E+00       2.205262953650E+00    H
  898       4.493576837000E+00      -1.959138219380E+00       2.877532458300E+00    O
  899       5.251981763680E+00      -2.393496505770E+00       3.363490117190E+00    H
  900       4.641168718230E+00      -9.706299072450E-01       2.844852901530E+00    H
