            2.000000000000E+01       2.000000000000E+01       2.000000000000E+01
         100
    1      -5.221309047080E+00      -8.384130358330E+00      -8.228015748230E+00    O
    2      -5.948385989540E+00      -9.011963206010E+00      -7.950193799640E+00    H
    3      -4.851493150870E+00      -8.672363024610E+00      -9.111281355510E+00    H
    4      -1.904156489730E+00      -5.402100413020E+00      -8.548173028900E+00    O
    5      -1.287488006830E+00      -4.698694439310E+00      -8.901641582460E+00    H
    6      -2.122167905410E+00      -6.051099551810E+00      -9.277056517860E+00    H
    7      -4.455193747390E+00      -1.607730098930E+00      -9.120198867820E+00    O
    8      -4.155719676470E+00      -6.536446201320E-01      -9.126213847650E+00    H
    9      -4.126307121850E+00      -2.055073278420E+00      -8.288503209960E+00    H
   10      -6.156138765200E-01       1.524491774990E+00      -8.072904308390E+00    O
   11      -8.702469660010E-01       2.472539276500E+00      -8.263608069800E+00    H
   12      -8.313480248520E-01       1.306426592010E+00      -7.121113179400E+00    H
   13       4.771982411610E+00      -7.333571742530E+00      -8.305275411690E+00    O
   14       4.785951567520E+00      -6.346929318410E+00      -8.467576334670E+00    H
   15       5.351050501520E+00      -7.550310089160E+00      -7.519333533210E+00    H
   16       2.243099383560E+00      -7.173567744940E+00      -9.124481454800E+00    O
   17       1.677843531690E+00      -7.988078938470E+00      -8.993877712360E+00    H
   18       3.168277281900E+00      -7.352758650370E+00      -8.789912365020E+00    H
   19      -7.658588752310E+00      -9.040357723190E+00      -7.247917229340E+00    O
   20      -7.652338437140E+00      -8.361759532130E+00      -6.513434126290E+00    H
   21      -8.603326943400E+00      -9.250490758090E+00      -7.499539680540E+00    H
   22       1.066341787170E+00      -7.807989996690E+00      -4.803722783440E+00    O
   23       1.283851619840E+00      -6.862574606630E+00      -4.561072391030E+00    H
   24       1.892033576700E+00      -8.265978552850E+00      -5.133085123610E+00    H
   25       9.540115421940E+00      -9.097351423080E+00      -7.868510557920E+00    O
   26       8.750099033060E+00      -9.408028943740E+00      -7.339971454880E+00    H
   27       9.392685166620E+00      -8.153710728600E+00      -8.164832274200E+00    H
   28      -6.383021194150E+00       8.676621751840E+00      -6.826391955360E+00    O
   29      -6.153570199950E+00       8.705008067230E+00      -5.853485763400E+00    H
   30      -7.188774270750E+00       9.244211584100E+00      -6.995518422450E+00    H
   31      -1.261047364210E+00      -8.456636911480E+00      -5.705208951290E+00    O
   32      -1.938071399960E+00      -7.721443930350E+00      -5.738820489730E+00    H
   33      -3.818293381570E-01      -8.086630750350E+00      -5.405090469030E+00    H
   34       6.936447428920E+00       9.065699319970E+00      -8.687132183450E+00    O
   35       7.709564951200E+00       8.875189173280E+00      -8.082156827950E+00    H
   36       7.139016546380E+00       9.871844831320E+00      -9.243095462070E+00    H
   37      -3.412676302570E-01      -2.817269652840E+00      -8.775632693870E+00    O
   38       1.433835926460E-01      -3.409123299350E+00      -9.419699812460E+00    H
   39       1.301581923970E-01      -1.937687693460E+00      -8.711654021820E+00    H
   40       7.417342519010E+00      -3.415503702930E+00      -7.576857639020E+00    O
   41       6.561682540750E+00      -3.641364038220E+00      -8.042511062230E+00    H
   42       8.155360994380E+00      -3.982983417560E+00      -7.941954206380E+00    H
   43       4.917751825220E+00       6.384377882940E-01      -7.863363918160E+00    O
   44       3.968728251680E+00       8.196837630940E-01      -8.121247910470E+00    H
   45       4.972273171500E+00      -2.402328689470E-01      -7.389058848710E+00    H
   46       7.815857119620E+00       9.638401115190E+00      -5.924847924990E+00    O
   47       7.716664594770E+00       8.698940678580E+00      -5.596861749880E+00    H
   48       8.623699784090E+00      -9.946143220970E+00      -5.506772787200E+00    H
   49       5.458833571970E+00      -1.648083722220E+00      -6.540483077150E+00    O
   50       6.225852465090E+00      -1.945223892630E+00      -7.109156741660E+00    H
   51       4.969937411670E+00      -2.449179309130E+00      -6.195191309110E+00    H
   52       8.861588787700E+00      -5.844414255980E+00      -5.945714913340E+00    O
   53       8.958256723520E+00      -6.781390675500E+00      -5.609961284250E+00    H
   54       9.656772742770E+00      -5.306412455820E+00      -5.666006957350E+00    H
   55       3.124485533740E+00      -9.262802499090E+00      -5.509197720750E+00    O
   56       3.429673930020E+00      -9.882993615740E+00      -4.786547721360E+00    H
   57       3.623265147070E+00      -9.462631869050E+00      -6.352576117570E+00    H
   58       1.699573066630E+00      -2.731730946780E+00      -6.351107412210E+00    O
   59       1.134351966460E+00      -3.197516720680E+00      -7.031966223390E+00    H
   60       2.036109255970E+00      -3.397691096300E+00      -5.685344336850E+00    H
   61       2.333776966760E+00      -5.683101726160E+00      -6.713457182500E+00    O
   62       2.339024028300E+00      -5.914476166050E+00      -7.686307806650E+00    H
   63       1.830104647750E+00      -6.383036523200E+00      -6.207092220290E+00    H
   64      -3.342749754210E+00      -3.405125672490E+00      -7.313597759850E+00    O
   65      -2.911430098890E+00      -4.071810168560E+00      -7.921458876900E+00    H
   66      -2.688283857560E+00      -3.120377640440E+00      -6.613174353360E+00    H
   67      -6.101984053760E+00      -3.921656889930E+00      -7.318166286280E+00    O
   68      -5.258732284990E+00      -3.654895524810E+00      -6.851513493990E+00    H
   69      -6.050172707340E+00      -3.652558221780E+00      -8.279884275700E+00    H
   70       9.733221669760E+00      -2.199926055830E+00      -6.282970022010E+00    O
   71      -9.620555297050E+00      -2.058984216390E+00      -7.032990814560E+00    H
   72       8.849005671890E+00      -2.483934879400E+00      -6.653781371960E+00    H
   73      -9.321880774170E+00       3.967408836250E+00      -4.333796612360E+00    O
   74       9.879274038860E+00       4.445188714240E+00      -3.968320545520E+00    H
   75      -9.619098699460E+00       3.278728906030E+00      -4.995144825180E+00    H
   76      -2.957584515300E+00       8.337017923760E+00      -9.574155147410E+00    O
   77      -3.129863666220E+00       8.088363116320E+00      -8.621007372460E+00    H
   78      -1.974160503390E+00       8.309269144430E+00      -9.753340018510E+00    H
   79      -8.805429110760E+00      -4.378861159370E+00      -5.672438966430E+00    O
   80      -9.383685585280E+00      -3.591241787960E+00      -5.885218607040E+00    H
   81      -7.854548168570E+00      -4.164181903350E+00      -5.895459707220E+00    H
   82      -2.080539527370E+00      -7.770939550070E+00       9.897716854950E+00    O
   83      -2.896080451950E+00      -8.244961728430E+00       9.565759064330E+00    H
   84      -1.270647192710E+00      -8.144421809420E+00       9.445405669790E+00    H
   85      -7.491850913240E+00       1.885359114250E+00      -3.902264857360E+00    O
   86      -7.913214458790E+00       2.694185919910E+00      -4.312450133710E+00    H
   87      -8.126102684910E+00       1.114286433820E+00      -3.958581920710E+00    H
   88       4.556720824440E+00       4.952881627180E+00      -6.160726501110E+00    O
   89       5.071042707110E+00       4.097807078160E+00      -6.094995864190E+00    H
   90       3.652488919790E+00       4.830242378600E+00      -5.751673598280E+00    H
   91       8.114242309040E+00       4.908097323210E+00      -5.890676134230E+00    O
   92       9.007865407690E+00       5.244175743770E+00      -6.188147229980E+00    H
   93       7.667879216710E+00       4.432349655820E+00      -6.648583877150E+00    H
   94       4.670533270370E+00       9.897748600150E+00      -7.640195866840E+00    O
   95       5.439587070290E+00       9.387492150880E+00      -8.025156395730E+00    H
   96       4.511419056110E+00      -9.278405129980E+00      -8.184217916420E+00    H
   97      -7.431358418130E+00      -7.170026612990E+00      -5.137390474060E+00    O
   98      -7.969248527450E+00      -6.329132603190E+00      -5.197152456640E+00    H
   99      -6.508789252370E+00      -7.000918167310E+00      -5.484187919250E+00    H
  100      -2.543458462490E+00       9.212837198710E+00      -4.720514813430E+00    O
  101      -3.204449822160E+00       9.206710991970E+00      -3.970146309270E+00    H
  102      -2.197711804760E+00      -9.858173068850E+00      -4.852565279910E+00    H
  103       2.259116090710E+00      -4.832401094940E-02      -6.312331813540E+00    O
  104       2.568414558680E+00      -9.987576267950E-01      -6.344118596740E+00    H
  105       1.438671554730E+00       1.637742977740E-02      -5.744278570490E+00    H
  106      -5.164415994840E+00      -6.414536590520E+00      -6.581895528250E+00    O
  107      -5.276894734680E+00      -7.169936836450E+00      -7.227433289760E+00    H
  108      -5.519234416240E+00      -5.572772934830E+00      -6.988758939970E+00    H
  109      -3.655970304000E+00       7.728335045740E+00      -6.857593489430E+00    O
  110      -3.120663031750E+00       8.117239440280E+00      -6.107793852070E+00    H
  111      -4.590039550640E+00       8.083380787270E+00      -6.819420673150E+00    H
  112       1.017694886280E+00      -4.895163284580E+00       9.273848253570E+00    O
  113       7.953513343260E-01      -5.440368391130E+00       8.465569380470E+00    H
  114       1.408414424830E+00      -5.487612030510E+00       9.978364204870E+00    H
  115       1.007513569620E+00      -5.601205895900E-01      -8.819639430480E+00    O
  116       3.697870647470E-01       2.098587068060E-01      -8.798739954210E+00    H
  117       1.567040776190E+00      -5.520799045230E-01      -7.990866450410E+00    H
  118       8.110210273310E+00       7.167902580710E+00      -4.231978597570E+00    O
  119       7.159916793780E+00       7.023688123090E+00      -4.507921513700E+00    H
  120       8.440814891040E+00       6.361727364310E+00      -3.741283063460E+00    H
  121       7.838411063860E+00       4.185915176510E+00      -8.883736261130E+00    O
  122       7.550393646180E+00       4.806196398490E+00      -9.613323248930E+00    H
  123       8.780506602200E+00       3.893310274190E+00      -9.047560458880E+00    H
  124       9.430899531250E+00      -8.100512832460E+00      -4.545420555310E+00    O
  125       9.812004834760E+00      -7.381171169110E+00      -3.964639771360E+00    H
  126      -9.994329995500E+00      -8.916641663590E+00      -4.485649039730E+00    H
  127      -4.728126776870E+00       1.442424938130E+00      -4.668773408640E+00    O
  128      -5.649564919110E+00       1.553156910650E+00      -4.296362103370E+00    H
  129      -4.152639249700E+00       2.202022114940E+00      -4.365744969290E+00    H
  130       4.515867912860E+00      -4.349672068640E+00      -6.235976191380E+00    O
  131       3.725564075550E+00      -4.951027724580E+00      -6.353412215640E+00    H
  132       5.227165760940E+00      -4.830343788930E+00      -5.723131118650E+00    H
  133       6.347001366480E-01       2.202558936060E+00      -4.078027285790E+00    O
  134       1.708097025460E-01       2.334654867390E+00      -3.202038512990E+00    H
  135       2.714784676210E-01       1.386628608970E+00      -4.527835823370E+00    H
  136      -2.851101743470E+00       3.223750970140E+00      -3.994686990910E+00    O
  137      -2.654842886200E+00       4.062347146280E+00      -4.502859121490E+00    H
  138      -2.201805685460E+00       3.131818471010E+00      -3.239728022050E+00    H
  139      -1.020458571180E+00       2.732986652830E+00      -1.707119155260E+00    O
  140      -4.671209763090E-01       3.547319034380E+00      -1.531961288010E+00    H
  141      -1.744453775960E+00       2.667920411990E+00      -1.020389712360E+00    H
  142      -1.778191624200E-01       8.016407028410E+00      -9.236451054180E+00    O
  143       5.109972887340E-01       7.373517166250E+00      -8.901451767990E+00    H
  144      -2.271198455490E-01       8.802863412890E+00      -8.620775979200E+00    H
  145       6.526880693190E+00       2.584168350360E+00      -7.072815442820E+00    O
  146       6.746423660050E+00       3.131465380170E+00      -7.880445832830E+00    H
  147       5.756283810900E+00       1.980910433470E+00      -7.278388618880E+00    H
  148       3.934508953910E+00       7.064975010290E+00      -7.876158632440E+00    O
  149       4.240952705170E+00       6.435192244290E+00      -7.162389835870E+00    H
  150       4.229367559760E+00       7.993481767570E+00      -7.650473887190E+00    H
  151       1.701003068330E+00       5.458022883200E+00      -8.590415144500E+00    O
  152       2.334451368940E+00       6.118505541640E+00      -8.187294928750E+00    H
  153       2.021946961790E+00       4.530033362990E+00      -8.401125769110E+00    H
  154       2.293213444910E+00       4.703545507660E+00      -4.412352803870E+00    O
  155       1.685997357420E+00       5.414495511300E+00      -4.057615273570E+00    H
  156       1.760007717870E+00       3.883980683760E+00      -4.622126853940E+00    H
  157      -1.729283529660E+00      -3.725570075020E+00      -4.792832382670E+00    O
  158      -9.111439235220E-01      -3.627047486900E+00      -4.226315935860E+00    H
  159      -1.939654506710E+00      -4.696318190860E+00      -4.908556829590E+00    H
  160      -2.479453187670E+00      -6.155377994260E+00      -6.101891706830E+00    O
  161      -2.124654605130E+00      -6.063347647910E+00      -7.032293975300E+00    H
  162      -3.478570662920E+00      -6.188352992450E+00      -6.127909395910E+00    H
  163       4.540456667180E+00       4.184688630900E+00      -2.749654486320E+00    O
  164       3.774755576770E+00       4.666331105030E+00      -3.175943551680E+00    H
  165       4.237909150550E+00       3.281703025280E+00      -2.444561064210E+00    H
  166       2.278872430850E-02       6.749131053330E+00      -4.105963852620E+00    O
  167       7.448134475810E-02       7.701344667330E+00      -4.406990606100E+00    H
  168      -6.848356661040E-01       6.272579698820E+00      -4.627659672630E+00    H
  169      -4.319958192140E+00      -9.247275800000E+00       9.158948582730E+00    O
  170      -5.062887205020E+00      -9.447648642610E+00       8.520272447460E+00    H
  171      -3.950199049800E+00       9.896356967880E+00       9.519383515010E+00    H
  172       3.365689523670E+00       1.682699848600E+00      -2.437813960240E+00    O
  173       2.656753933700E+00       2.106656464940E+00      -3.001437164820E+00    H
  174       3.855972745020E+00       9.985319647840E-01      -2.977755317820E+00    H
  175       3.684765730010E+00       8.680173323420E+00      -3.689486096350E+00    O
  176       2.924789201820E+00       8.080312727390E+00      -3.439280297190E+00    H
  177       4.487553314220E+00       8.126473397650E+00      -3.910729145590E+00    H
  178       5.480881145340E+00       6.469378013020E+00      -4.047533591500E+00    O
  179       5.633138457820E+00       5.859830752910E+00      -3.269542686360E+00    H
  180       5.287793542600E+00       5.925578854200E+00      -4.864234058330E+00    H
  181      -8.581663802200E+00      -1.480228663110E+00      -8.458974844100E+00    O
  182      -8.290172450910E+00      -5.361118008480E-01      -8.305104305930E+00    H
  183      -7.990687793070E+00      -1.903845693130E+00      -9.145484835660E+00    H
  184      -5.047373527310E+00       6.716097611520E+00      -4.527311780890E+00    O
  185      -5.908894503480E+00       6.281627314360E+00      -4.264600592490E+00    H
  186      -4.464876586330E+00       6.048148267610E+00      -4.990497475530E+00    H
  187      -2.281489468520E-01      -1.859941922460E-01      -5.135105353630E+00    O
  188       1.609228916710E-02      -1.144126695670E+00      -5.284532006250E+00    H
  189      -1.108080738590E+00      -1.361081364040E-01      -4.662631625980E+00    H
  190       4.265816422890E+00       4.334969640380E-02      -4.393527425650E+00    O
  191       5.124142482030E+00      -4.444939113570E-01      -4.552539974090E+00    H
  192       3.830349093700E+00       2.462825687190E-01      -5.270560181340E+00    H
  193      -8.673135177000E+00      -2.802729041410E-01      -4.846412536420E+00    O
  194      -7.818139513260E+00      -7.983901158590E-01      -4.823239925160E+00    H
  195      -9.423785885070E+00      -8.873405435600E-01      -5.107166051520E+00    H
  196      -2.289143706190E+00       5.603240285230E+00      -5.432141349650E+00    O
  197      -1.694216184990E+00       5.230665844570E+00      -6.144355875400E+00    H
  198      -2.851727838230E+00       6.335000414760E+00      -5.816883090560E+00    H
  199      -9.697321725800E+00       8.118207649070E+00      -7.911651154460E+00    O
  200      -9.939933015860E+00       9.021406051890E+00      -8.265730816500E+00    H
  201      -8.795043005290E+00       7.857047058880E+00      -8.254708375100E+00    H
  202      -7.234099064470E+00       5.366065120550E+00      -3.296447085160E+00    O
  203      -7.837614285140E+00       4.677673412130E+00      -3.698797969590E+00    H
  204      -7.432667933620E+00       5.453801446000E+00      -2.320295077840E+00    H
  205      -6.907389091660E+00      -2.684536220760E+00       9.811482630700E+00    O
  206      -5.979160622670E+00      -2.313194775030E+00       9.833785994690E+00    H
  207      -7.060246972040E+00      -3.147598922270E+00       8.938437727580E+00    H
  208      -2.577311691570E+00      -4.248243949540E-02      -4.149171030860E+00    O
  209      -3.282896480970E+00       5.823269082850E-01      -4.483481341650E+00    H
  210      -2.961864737010E+00      -9.609894400860E-01      -4.057171872650E+00    H
  211       3.650492228180E-01      -2.797857290510E+00      -3.042802527680E+00    O
  212       9.842787944770E-01      -2.017201159530E+00      -3.127246252970E+00    H
  213      -4.438627416400E-01      -2.526748802830E+00      -2.521111410570E+00    H
  214       6.558000766480E+00      -5.406812543720E+00      -4.824229333020E+00    O
  215       6.771285857820E+00      -5.569322209190E+00      -3.860849823980E+00    H
  216       7.408021541740E+00      -5.314774427820E+00      -5.342875326780E+00    H
  217       2.292069043800E+00      -9.898542161080E-01      -2.964982517210E+00    O
  218       2.961463245280E+00      -7.655534259070E-01      -3.673220159920E+00    H
  219       2.474847838360E+00      -4.425288733420E-01      -2.148265380480E+00    H
  220      -6.086284024360E+00      -1.449770458930E+00      -4.834546838160E+00    O
  221      -5.609804466150E+00      -5.712330028440E-01      -4.800795262560E+00    H
  222      -5.424305085630E+00      -2.192157698700E+00      -4.731371885270E+00    H
  223      -4.410131362680E+00      -3.449276892410E+00      -4.326109302470E+00    O
  224      -3.546692901440E+00      -3.348847338790E+00      -4.820465376980E+00    H
  225      -4.326395272510E+00      -4.186186335220E+00      -3.655324135440E+00    H
  226      -7.166349038820E+00       5.852861950930E+00      -6.413507566460E+00    O
  227      -8.049221503610E+00       5.934980356850E+00      -5.951130254810E+00    H
  228      -6.697520481600E+00       6.735978151660E+00      -6.396027293380E+00    H
  229      -9.585217292550E+00       6.661140167260E+00      -5.772377995210E+00    O
  230       9.617237737360E+00       6.782968284120E+00      -5.181548129150E+00    H
  231      -9.681080475300E+00       7.236584820690E+00      -6.584580987700E+00    H
  232      -4.506846083230E+00       8.993139526940E+00      -2.532642092800E+00    O
  233      -4.606485611780E+00       8.188374929020E+00      -3.117813782380E+00    H
  234      -4.838057385360E+00       8.779968934590E+00      -1.613480859990E+00    H
  235       6.452202336300E+00      -7.925327718100E+00      -6.280725582730E+00    O
  236       6.793911857630E+00      -7.261741207070E+00      -5.615227614720E+00    H
  237       6.659355012420E+00      -8.851197003060E+00      -5.964729006900E+00    H
  238      -8.011156823340E-01       4.505043335210E+00      -7.730381719300E+00    O
  239      -1.524449251450E+00       4.450779208600E+00      -8.418744960880E+00    H
  240       4.709016525540E-02       4.812468303770E+00      -8.161701471720E+00    H
  241      -6.531805876460E+00       9.869818917210E+00      -4.305781933060E+00    O
  242      -6.940198251620E+00      -9.248388668790E+00      -4.069862865350E+00    H
  243      -5.883588547260E+00       9.601392888470E+00      -3.593207893950E+00    H
  244       4.032718247010E-01       5.279304148160E+00      -1.586999579890E+00    O
  245       1.350109844060E+00       5.368570657650E+00      -1.277921506600E+00    H
  246       2.103973447310E-01       5.977678163510E+00      -2.276255098300E+00    H
  247       9.697103829650E+00       2.376340801860E+00      -6.229898126190E+00    O
  248      -9.738009632160E+00       1.840745185540E+00      -6.857624607030E+00    H
  249       8.748940638270E+00       2.371042442050E+00      -6.547637783580E+00    H
  250       3.510165852150E-01       9.311396680780E+00      -4.532497195040E+00    O
  251      -5.779989542300E-01       9.681229946890E+00      -4.544886010310E+00    H
  252       1.008527638350E+00      -9.936624543400E+00      -4.485517031930E+00    H
  253      -9.982898171690E+00       9.223701022560E+00      -3.841050177160E+00    O
  254       9.318252461650E+00       8.531076419840E+00      -4.019601913180E+00    H
  255      -9.081115584670E+00       8.791705387730E+00      -3.828091116920E+00    H
  256      -5.266853158140E+00       3.442603465450E+00      -6.719658287400E+00    O
  257      -5.863162363320E+00       4.211341372500E+00      -6.488449805560E+00    H
  258      -5.250540984500E+00       2.793049168650E+00      -5.959518084210E+00    H
  259      -3.520957418740E+00       4.345015109420E+00      -8.689577002070E+00    O
  260      -4.118409571580E+00       4.983351151960E+00      -9.174940805690E+00    H
  261      -4.070116057730E+00       3.769959650750E+00      -8.083164593980E+00    H
  262      -2.242429301870E-01      -8.617326236860E+00      -8.238470523180E+00    O
  263      -8.854157576370E-01      -8.228520890090E+00      -8.880094162520E+00    H
  264      -6.190462674540E-01      -8.629929434290E+00      -7.319791316770E+00    H
  265       8.267805098740E+00      -6.531530044640E+00      -8.423804515490E+00    O
  266       8.421452616980E+00      -6.313633421630E+00      -7.460002927080E+00    H
  267       7.293654509660E+00      -6.447249433070E+00      -8.633393180050E+00    H
  268       5.135966232530E+00      -4.666078672400E+00      -8.856460829450E+00    O
  269       4.628234704750E+00      -4.058547294050E+00      -9.467291673490E+00    H
  270       4.817827291680E+00      -4.536363565750E+00      -7.917332720290E+00    H
  271      -8.039121615430E+00       1.008143132880E+00      -7.142232112720E+00    O
  272      -7.259696019050E+00       1.632202243400E+00      -7.087041839300E+00    H
  273      -8.130330758290E+00       5.116139446280E-01      -6.279017390030E+00    H
  274       1.412563670670E+00      -5.372888699880E+00      -3.499441013940E+00    O
  275       1.994201912320E+00      -5.541800017590E+00      -2.703723776100E+00    H
  276       8.470302929590E-01      -4.565039199140E+00      -3.333455524070E+00    H
  277       9.888274861400E+00      -5.841394666960E+00      -3.031762368860E+00    O
  278       9.777614102680E+00      -6.148455513150E+00      -2.086528094610E+00    H
  279      -9.593441225420E+00      -4.986303455590E+00      -3.045932956970E+00    H
  280       9.301204774810E+00      -7.358049105590E+00      -6.976776147740E-01    O
  281       8.912083621410E+00      -8.231323304930E+00      -9.908957941920E-01    H
  282       9.159517259590E+00      -7.243376133880E+00       2.855694333230E-01    H
  283       8.506802748690E+00      -9.565060624730E+00      -1.884108174150E+00    O
  284       9.196053127300E+00      -9.841765487040E+00      -2.553711291500E+00    H
  285       7.594257561190E+00      -9.746001654110E+00      -2.250880071460E+00    H
  286       3.415589993970E+00      -3.027419535130E+00       9.852107934390E+00    O
  287       3.402931437060E+00      -2.027893152690E+00       9.880157386130E+00    H
  288       2.578296523550E+00      -3.359301282090E+00       9.417603446010E+00    H
  289       6.263481562850E+00       9.347340757730E+00      -2.827445630010E+00    O
  290       5.294072024630E+00       9.561871884320E+00      -2.946699740790E+00    H
  291       6.362518602980E+00       8.387899017340E+00      -2.563507736780E+00    H
  292       8.090817989860E+00       4.925247259050E+00      -2.409139761290E+00    O
  293       7.609973936770E+00       5.092539217780E+00      -1.548440977070E+00    H
  294       7.797602172970E+00       4.048226931690E+00      -2.789744320030E+00    H
  295      -1.319443095360E-01      -9.839408872640E+00       8.799723482140E+00    O
  296       5.091829117800E-01       9.683654827830E+00       8.198485050000E+00    H
  297      -3.934481776090E-01       9.557714211170E+00       9.553484154310E+00    H
  298       6.522720961100E+00       6.320123945930E+00       9.606656807740E+00    O
  299       5.540967947570E+00       6.158403915960E+00       9.706695062120E+00    H
  300       6.753621862080E+00       7.215290836610E+00       9.987919199990E+00    H
