            1.000000000000E+01       1.000000000000E+01       1.000000000000E+01
         400
    1      -6.864555422454E-01      -4.390290248757E+00      -3.403841395696E+00
    2      -1.281240989631E+00       4.528731207859E+00      -2.173372471903E+00
    3      -1.804476423336E+00      -3.082899377225E-01      -1.131084531775E+00
    4      -1.528960842291E+00       2.458929016621E+00      -7.780479651724E-01
    5      -4.055674901203E+00      -1.416627474878E+00      -2.479661249821E+00
    6      -3.063829665918E+00       2.656541528524E+00      -9.976516518444E-01
    7      -2.051067284341E+00       7.864422281770E-01      -7.975642329725E-01
    8      -1.407809846298E+00       3.229650236728E+00      -3.232984258434E+00
    9      -7.291591226838E-01       1.718205886450E+00      -2.424483647685E+00
   10      -4.795631704143E+00       3.253420234750E+00       3.673861011147E+00
   11      -4.314530178615E+00       2.815150399465E+00       4.648804134777E+00
   12      -1.664923159532E+00       3.376307695750E+00      -3.760942426945E-01
   13      -5.696601272146E-01       3.452113326276E+00      -1.220188857046E+00
   14      -3.454908923122E+00      -3.976451158621E+00      -1.558765469928E+00
   15       4.394258477493E+00       1.300063858722E+00       1.839221791184E+00
   16      -4.392898910024E+00       2.204437476955E+00       5.560114586635E-01
   17      -2.408933346381E+00       2.771860740871E+00      -3.721346541272E+00
   18      -3.002730037530E+00      -4.923634622989E+00      -3.585734004384E+00
   19       4.078362655654E+00       2.631120381465E+00       1.397988479497E+00
   20       3.952116778615E+00       4.517157968217E+00       4.577328043651E+00
   21       1.272181013793E+00      -3.126779103929E+00      -1.366506814905E+00
   22      -3.483868034189E+00      -2.689378485592E+00      -7.806008036194E-01
   23       1.470104449115E+00       4.386675958540E+00      -5.894592082358E-01
   24      -3.032394142395E+00       2.407794374360E+00      -2.117797845680E+00
   25       4.582175990751E+00      -2.764357536648E+00      -3.840922117081E+00
   26       8.282413103689E-01      -2.924814823256E+00      -3.487755805640E+00
   27       2.759252352473E+00      -1.802263620388E+00      -3.838020278001E+00
   28      -2.003681797209E+00      -4.711651860839E+00      -2.324736212585E+00
   29       3.359646596792E+00      -2.846804302673E+00      -2.691720391419E+00
   30       1.104860550150E+00      -1.689683871767E+00      -3.208187560572E+00
   31      -1.884935471617E-01      -2.592958112983E+00      -3.611641811601E+00
   32      -3.202387998450E+00       1.741955803312E+00       1.092165424194E+00
   33      -1.755434695493E+00       4.610174490243E+00      -3.198676950708E+00
   34      -1.429560181994E+00       3.533959544373E+00      -4.258580715076E+00
   35       3.500405085378E+00       4.488230635579E+00       1.283927092267E+00
   36       6.688303120396E-01      -2.749125874392E+00      -2.487970707199E+00
   37       2.459750072582E-01      -2.297220030895E+00       1.934600058669E+00
   38      -2.548055598185E+00      -2.912224430072E+00      -1.558422756255E+00
   39      -3.016402493638E+00       5.247390567255E-01       1.056911603288E+00
   40      -3.914813652366E+00       6.822659709035E-01       1.273817941056E-01
   41      -2.461390558153E+00       1.851957681478E+00      -3.610595217375E-01
   42       4.791735811975E+00      -3.575522010532E+00      -3.073510977092E+00
   43      -4.998825813793E+00       8.957324477546E-01      -1.812511818287E-01
   44       3.133720649639E+00       3.364238535445E+00       1.707383038134E+00
   45      -3.647539497701E+00      -6.152147821625E-01       3.483100489388E+00
   46       1.937745160666E+00       4.907304802994E+00      -1.521112663232E+00
   47       3.840653718872E+00      -4.071537687837E+00      -2.461818585491E+00
   48       3.396144224673E+00       3.527991254397E+00       4.674790042368E+00
   49      -2.313502366942E+00       1.061030028415E+00      -4.032512224459E+00
   50      -2.109895595408E+00      -2.312624721000E+00      -2.648747097255E+00
   51       4.582777602219E+00       4.642311143625E+00       1.429485278204E+00
   52       1.192880437370E+00      -4.159485175916E+00      -1.419269060123E+00
   53       3.986435122534E+00       1.565646300855E+00       9.393576354397E-01
   54      -4.044174368752E+00       2.959079755573E+00      -8.987828916119E-01
   55      -4.392454021518E+00      -2.885145227559E+00      -2.815492213900E+00
   56      -4.740179355253E+00       1.966880340297E+00       3.712723049158E+00
   57      -2.810693350762E-01      -1.718026920158E+00      -2.364791718671E+00
   58       4.652209829725E+00      -1.632617299260E+00      -2.046210490414E+00
   59      -2.462498933269E+00      -1.538634053558E+00      -1.775219688947E+00
   60       1.348918358618E+00      -3.479695178375E+00      -2.388155458049E+00
   61      -3.527116669714E+00      -1.896208409337E+00      -1.475507441048E+00
   62       7.335736475996E-02      -4.246256249800E+00      -4.059865372093E+00
   63       4.234598006389E+00       3.657938287570E+00       1.671888341802E+00
   64      -1.513889506490E+00       1.547672781791E+00      -3.210313085218E+00
   65      -2.289171970337E+00       3.221409478107E+00      -1.363691858540E+00
   66      -1.560499832767E+00      -3.647965346164E+00      -2.680180970917E+00
   67      -4.375827121786E+00      -9.026923512697E-01      -3.738262283186E+00
   68       2.462901865520E-01       3.759068197594E+00      -4.611559268645E+00
   69      -4.419278107565E+00      -2.183165147180E+00      -1.999134836637E+00
   70      -6.780513842823E-01      -3.774531807110E+00      -2.186297679150E+00
   71      -1.721702580374E-01       1.523595317578E+00      -3.698900067843E+00
   72      -1.239573585632E+00       1.778329881147E+00       1.085220754499E-01
   73       4.805008236087E-03      -3.734872392702E+00       2.891480325795E+00
   74       5.330498228949E-01      -4.181882016038E+00      -2.291867082422E+00
   75       1.709431424640E+00       3.922309286715E+00      -1.381860280492E+00
   76       6.024003415771E-01       2.725100540658E+00       1.151505908909E-01
   77       4.570209545095E+00      -2.626385978241E+00      -2.713685087677E+00
   78      -4.789372075033E+00      -9.628020416306E-01      -1.552834288217E+00
   79       4.358456660545E+00       3.843038179818E+00       3.592646766453E+00
   80      -7.749845585164E-01       2.508300407744E+00      -3.552147781930E+00
   81       2.838427409810E+00       3.163812496151E+00       2.783589492729E+00
   82      -3.343319043037E+00       2.203640606036E+00       1.410056795071E-01
   83       4.191596536060E-01       3.514465838760E+00      -3.408660590003E+00
   84       2.281865610150E+00       4.426287280246E+00      -3.635856479043E+00
   85      -4.369630767549E+00       1.795597486691E+00      -5.208919747020E-01
   86       1.201565507338E+00       4.233263486180E+00      -2.861428352339E+00
   87       1.783132614183E+00      -1.058546781855E+00      -2.318250172833E+00
   88      -2.332652772491E+00       1.772375291248E+00      -1.409199247795E+00
   89       3.516613234456E+00       3.261216101230E+00      -5.658769186394E-02
   90       3.836086523577E+00       3.004174280353E+00       2.437412692352E+00
   91      -5.853261415825E-01       4.304571086180E+00      -3.124205016413E+00
   92       4.375703301818E+00       1.993172167936E+00       2.992882975515E+00
   93      -4.508472903903E+00       3.846142059423E+00      -4.511598372280E+00
   94      -1.190525641043E+00       4.814674836782E+00      -4.137640712670E+00
   95      -4.443527796445E-01       3.166591033093E+00      -2.830400644106E+00
   96       2.124032892719E+00      -4.229908368458E+00      -2.087297831601E+00
   97      -1.597759933659E+00      -1.483085790037E+00       1.846256094568E-01
   98      -1.444566132716E+00      -2.700667510879E+00      -1.748502847062E+00
   99       3.184280623122E+00       1.962819986611E+00       2.182051674838E+00
  100       1.715295810099E+00      -1.375122322817E+00      -4.406647006709E-01
  101      -1.141188581390E-01       4.926730172200E+00      -4.890728702887E+00
  102       1.109482467698E+00      -4.635937030500E+00      -3.299699683373E+00
  103       2.741907469634E+00       4.359842986795E+00       4.860111254718E+00
  104       4.858660139615E+00       3.297779705346E+00       9.890922794948E-01
  105      -2.164070903066E+00      -1.164433083248E+00      -6.877735510104E-01
  106      -3.669192693531E+00       3.262657829083E+00       1.688743767862E-01
  107       2.018685234261E+00       4.889413848463E+00      -4.471210560626E+00
  108      -4.527558100348E+00       4.907626592489E+00      -7.817069096365E-01
  109       2.342871655696E+00      -5.659003532585E-01       1.847313659056E-01
  110       3.675732453275E+00       4.728615595830E+00       2.595980641863E+00
  111       3.899936695910E+00       4.799064017268E+00      -3.358608841887E+00
  112       2.417550762970E+00       1.590507475632E+00       2.689623962149E+00
  113       9.434440393986E-03      -8.120923859022E-01      -3.982194255333E+00
  114       4.711891658460E+00       3.362423941914E+00       4.881448957124E+00
  115       4.086876038626E+00      -3.954369592088E+00      -1.263454203726E+00
  116      -4.167935940684E+00      -7.437382900775E-01      -2.871404282037E-01
  117      -4.737984975809E+00      -3.858613109783E+00      -9.867081840791E-01
  118       1.524206922382E+00      -2.279641125539E+00       7.617616949505E-01
  119       2.523524100155E+00      -2.889882767201E+00      -2.089701138543E+00
  120       3.027747413526E+00      -3.257645213633E+00      -1.055126192074E+00
  121       5.033469606656E-01      -1.946218533047E+00      -4.115118892702E+00
  122       3.059502021946E-01       2.684931686902E+00      -1.826727586715E+00
  123      -2.541228122574E+00       1.781425440938E+00      -3.288437958968E+00
  124       3.062803673002E+00      -3.867664812751E+00      -4.191185350815E-02
  125       9.111528752526E-01       2.125643548067E+00      -1.100560272339E+00
  126      -4.802393860198E+00       1.268346861179E+00       9.529066080139E-01
  127      -3.931655545282E+00      -1.143201851005E+00       4.961563248917E+00
  128      -2.730551111441E+00      -3.651721037263E+00      -2.761108587891E+00
  129      -3.143991083507E+00       1.313865964833E+00      -9.087954519914E-01
  130       4.919389024993E+00       3.786625455199E+00      -3.535115783908E+00
  131      -1.152245340823E+00      -3.822652400561E+00      -1.042604392574E+00
  132       4.332553636274E+00       2.317193900053E+00       4.025646746645E+00
  133      -3.856634806041E+00       4.243165791927E-03       2.545190999591E+00
  134       1.948247499252E+00      -3.494046397140E+00      -5.647687870837E-01
  135      -9.242895683855E-01      -4.408309631810E+00      -4.684730060171E+00
  136      -8.294965176771E-01      -2.950225479096E+00      -2.849504801149E+00
  137      -9.500295879524E-01      -3.177211964849E+00      -3.784103314461E+00
  138       2.304204213745E+00      -4.403791550414E+00      -3.540947635445E+00
  139      -4.849850457471E+00      -1.825999850008E+00      -3.195978234616E+00
  140      -2.377455848794E+00       7.499988461374E-01       2.838703312323E-01
  141      -2.169601874392E+00      -3.852477573483E+00      -1.786032431986E+00
  142       4.120350072574E-01       1.418538134659E+00       2.636009146386E+00
  143      -4.788288393932E+00       3.889783635632E+00       2.024965986774E-01
  144      -4.076168456135E+00      -2.737661616386E+00       4.628648816546E+00
  145      -1.379260395958E+00       6.014478163111E-01      -3.698078212510E+00
  146       3.582768485405E+00      -2.123562674483E+00      -1.044025797319E-01
  147      -2.959946137824E+00       1.832646462374E+00      -4.603366143411E+00
  148      -4.156169389735E+00       1.528734368412E+00       1.729661804269E+00
  149      -3.182047557257E+00       4.201436236835E+00       1.127847144873E-01
  150       4.959314410666E+00      -5.306265738466E-01       4.260673780380E+00
  151       3.130708838840E+00       3.876033317402E-01      -1.061228931644E-01
  152       3.752528204491E+00      -3.638244402780E+00      -3.595651894627E+00
  153       3.090010418738E+00      -4.460101815370E+00      -1.872919465386E+00
  154      -1.195467593641E+00       2.405327944723E+00       4.621115593424E+00
  155      -2.433569894151E+00      -1.132744014464E+00       9.103203475621E-01
  156       4.936614999759E+00      -3.800042864635E-01      -4.651718352285E+00
  157       2.848784800214E+00      -1.280979630904E+00      -2.520126104435E+00
  158      -2.671961529842E+00       3.216048506736E+00      -1.429081373881E-01
  159      -3.118754655841E+00      -6.246829483347E-01      -4.719594975889E+00
  160       2.262168747207E+00       2.944055900615E+00       3.713543823095E+00
  161      -2.246834708434E+00      -4.823865146191E+00      -1.019872005964E+00
  162       8.417256273670E-01      -1.514144057028E+00      -2.107765237148E+00
  163       4.157452835605E+00      -2.564746937391E+00      -1.572793703018E+00
  164      -1.703858528859E-02      -3.907804642689E+00       4.003204600775E+00
  165      -3.749150717856E+00      -4.111055021064E+00      -1.050930353095E-01
  166      -2.124397067116E+00      -2.789191909917E-01      -3.503679597541E+00
  167      -1.042397809139E+00      -3.292176807725E+00       3.617985286394E+00
  168       9.140196595188E-01      -4.540331336461E+00       3.771161055573E+00
  169       1.226000359968E+00      -1.669113522668E+00      -4.894314474392E+00
  170      -2.974372008153E+00      -4.917055500936E+00      -3.510133095188E-01
  171      -1.546737755376E+00      -3.927497277332E+00       4.326319210505E+00
  172       1.229585453015E+00      -3.419817499118E+00       3.007527361721E+00
  173      -1.214930041802E+00       2.046257431836E-01       3.635874263192E+00
  174       4.571256978134E+00       1.454717472016E+00      -1.216290959161E+00
  175      -9.162812229484E-01      -1.658539092481E+00      -1.532176079123E+00
  176      -6.931497196071E-01       2.496368634509E+00      -1.712443089527E+00
  177       4.090004866987E+00       3.869472276129E+00      -4.534527414595E+00
  178      -3.701936131355E+00      -2.261393208399E+00      -3.166661657845E+00
  179      -2.174697564026E+00      -3.754875072735E+00      -7.684174877359E-01
  180      -3.592409241754E+00      -3.072437887891E+00      -1.992771701235E+00
  181       8.767365783320E-01      -4.782622342155E+00      -4.731504456055E+00
  182      -1.855381047872E+00       1.969917083213E+00      -4.129902366987E+00
  183       1.047662539733E+00      -3.255819532745E+00       1.929712909364E+00
  184       2.935964654076E+00      -2.203869448498E+00       1.047510840160E+00
  185      -4.055376412323E+00       4.724515816119E+00       1.441145189679E-01
  186       1.687844382475E+00      -2.281772178920E+00      -3.979085041780E+00
  187       3.249855263005E+00      -2.057509805814E+00      -1.182117922670E+00
  188      -6.136437955573E-01       3.523650541540E+00       4.900769989735E+00
  189      -4.377533037530E+00      -3.145152242235E+00       1.398826276538E-01
  190       4.979911794039E+00      -3.336117278669E+00      -1.961199603368E+00
  191       1.798728409235E+00       3.715453530500E+00       4.972510350789E+00
  192      -4.945279572494E+00      -1.414509243122E+00       4.752703745630E+00
  193      -3.764231320209E-01      -2.695843500962E+00      -1.723783731240E+00
  194      -2.030537637527E+00       3.405157725341E+00       7.615684616038E-01
  195      -3.609902265250E+00       4.224685752954E+00      -9.145224013579E-01
  196       2.126489389636E+00       2.853347222614E+00      -4.432587963512E+00
  197      -1.239589050837E+00       1.232973832713E+00      -1.355542822989E+00
  198      -2.149863971238E+00      -2.695858519995E+00       4.200859587009E-01
  199       2.496451223470E+00      -3.239525967656E+00      -3.321460629110E+00
  200       1.624184574151E+00      -2.499439296386E+00      -2.753335900561E+00
  201       8.034675202914E-02      -1.347245768524E+00      -4.971674685672E+00
  202       4.270369103288E+00       6.213958198450E-02      -3.890804782839E+00
  203      -4.964809625341E+00      -4.376167153061E+00       2.617262098717E-01
  204      -4.914166867148E+00       4.215673203234E+00       4.391284454344E+00
  205      -1.632558441125E+00       4.025101750869E+00       1.486050418375E+00
  206      -1.856038564547E+00       1.064943974648E+00       1.967965781719E+00
  207       2.369124144665E-01       4.223994079364E+00      -2.542792891828E+00
  208       1.875669760716E+00       2.546968995899E+00       2.580134057530E+00
  209       1.181125079647E-01       1.059243966669E+00      -9.874897499118E-01
  210       2.128622932590E+00      -1.428440646864E+00       1.185910630543E+00
  211       1.836319088626E-01      -3.818157031756E+00      -1.284127752443E+00
  212       9.507680560171E-01       3.269223658166E+00      -2.349105249489E+00
  213       1.620891382932E-01       2.593123671639E+00      -3.949557637209E+00
  214      -1.178849760142E+00       4.979506884175E+00      -1.131426538720E+00
  215       1.885884486792E+00       6.470257167709E-01       2.702519608500E+00
  216      -2.733255326490E+00      -3.891354516012E+00       3.665329858353E+00
  217      -4.434290945977E+00      -2.098246426648E+00      -4.461036987169E+00
  218       2.888100397621E+00       3.939498832398E+00      -1.736543983732E+00
  219       4.704196479391E+00      -1.403426194306E+00      -4.046186721705E+00
  220       3.969307612483E+00      -1.152235698471E+00       4.492107429350E+00
  221       3.396718598984E+00       4.106515597327E+00      -7.140343131676E-01
  222      -4.426209126490E+00       8.529655451697E-01      -1.156082164226E+00
  223      -4.976567269607E+00      -4.616799424459E+00      -1.917715019051E+00
  224      -1.612130950214E+00      -2.464364774886E+00       4.784213988292E+00
  225       1.822730015766E+00      -2.540411745402E+00       4.796833159556E+00
  226      -1.915302662203E+00      -2.327499903603E+00      -5.966216018017E-01
  227      -4.698182310158E+00      -2.331458480895E+00      -6.977603094253E-01
  228      -4.513169761321E+00       3.947478826784E-01       1.424924645007E+00
  229       2.444588297076E+00       3.613284472601E+00      -2.613187137597E-01
  230       3.210911007618E+00      -8.783389436220E-01      -6.775369831329E-01
  231      -1.257960329866E+00      -3.538211178027E+00       1.232700996255E-01
  232       2.296802635001E+00      -2.398715565127E+00      -6.961270640631E-01
  233      -2.962991407966E+00      -3.267856671719E+00      -4.529838667923E+00
  234       3.831496804945E+00      -2.017297158808E+00      -3.738536001738E+00
  235      -4.134450593879E+00      -1.286015880890E-01      -4.319899801898E+00
  236      -2.159599678054E-01       2.361292451877E+00      -6.088818979872E-01
  237       2.929344413339E+00       2.348734404499E+00      -1.737850024408E+00
  238      -6.772578254023E-01       1.544760654280E+00       4.009284427506E+00
  239      -4.496897375301E+00      -3.121606502727E+00      -4.150159365704E+00
  240       4.394816512323E+00       1.025660346600E+00       4.569717433814E+00
  241      -7.522303379417E-01       1.842783228225E-01      -8.543073966747E-01
  242      -4.899667546672E+00       4.833864844480E+00      -4.642858498851E+00
  243      -5.772177550334E-01       4.941736207966E-01      -2.521461875969E+00
  244      -7.515955840497E-01       4.557367635552E+00       2.051812396207E+00
  245       1.070553527501E+00       2.624986669727E+00       3.258939409142E+00
  246       7.739299382946E-01      -7.746727807511E-03      -1.026503948150E+00
  247       9.113871379604E-01       1.145686051922E+00       1.512506622711E+00
  248       6.678279072975E-01       2.014105129928E+00       8.818847745897E-01
  249       1.644473900219E+00       2.982198842449E+00       2.524137079465E-01
  250      -2.183813216570E+00      -4.919942241433E+00       6.635612971104E-01
  251       1.429096446969E+00       4.360122592515E+00       4.413941324860E+00
  252      -2.544030977046E+00       2.560163205044E+00       1.461649954603E+00
  253      -1.084829969572E+00      -9.680367741727E-01      -2.980059298209E+00
  254       4.459609256482E+00      -3.586632870088E+00       3.413176921866E+00
  255       1.014735104084E+00       2.061470462796E+00       2.101960759719E+00
  256      -4.278728142048E+00      -4.237931508955E+00       2.721802858300E+00
  257       2.217905647052E+00       3.645737861962E+00      -2.719743661427E+00
  258      -2.159439095595E+00      -1.597971365429E+00      -3.476581585352E+00
  259      -2.266878267247E+00       2.018480481668E+00       2.548139699198E+00
  260       4.168101525100E+00      -1.800844412029E+00       2.280882198634E+00
  261       3.894517194841E+00       4.870406856723E+00      -1.882756519695E+00
  262      -1.952936092574E+00       5.679624841994E-02       9.740859852820E-01
  263       4.239003767308E+00       3.910882113980E+00       4.109865068003E-01
  264       2.967805666934E+00       7.096113915878E-01       2.157377842146E+00
  265      -2.171704316020E+00      -3.750905219487E+00       3.893043007110E-01
  266       3.254644967870E+00      -4.684346990751E+00       4.316991436915E-01
  267       4.618219786234E+00       1.634489793943E-01      -8.136960912483E-01
  268       3.631476698503E+00       5.062680068992E-01      -1.295230360893E+00
  269      -3.828916365277E+00       2.628260001347E+00       1.352221530414E+00
  270       1.664742114876E+00      -4.522664568778E+00       2.974205701470E+00
  271       3.255343813579E+00      -1.394940811893E+00       1.781993357867E+00
  272      -9.000499451671E-01       3.070095096124E+00       9.151052425448E-01
  273       2.878283251190E+00      -4.273130377733E+00      -4.542114935552E+00
  274       3.370710706095E+00      -3.237335947848E+00       2.041451729366E+00
  275       4.104774798904E+00      -1.499278056180E+00      -9.755198573724E-01
  276       4.304001463272E+00      -2.732540068164E+00       1.790679931165E+00
  277       1.991699020997E+00      -3.130719795162E-01       4.645237407404E+00
  278      -3.226711226169E+00       1.105186542491E-01      -3.574580754932E+00
  279       4.344462163539E+00      -2.140666315940E+00       4.934342580700E+00
  280      -3.197344364395E+00       4.953211757418E+00       1.159796088222E+00
  281      -4.373487942315E+00       1.808335555766E+00      -1.689172113553E+00
  282      -3.927467470676E+00       3.808797581957E+00      -3.079211875675E+00
  283      -1.677301754943E+00       4.114333737530E+00      -1.180491422048E+00
  284       1.015507065335E-01      -2.772976508634E+00       6.629385269981E-01
  285      -2.678135286447E-01       2.673597085619E+00       3.955597208875E+00
  286      -2.538000888180E+00      -3.790809501230E+00       4.649001108019E+00
  287      -3.180272253916E+00       3.798556526143E+00       1.377585133659E+00
  288       2.451329090337E+00       4.325579591820E+00       1.924343018198E+00
  289       9.170978695830E-01       4.480154440952E+00      -4.000316318685E+00
  290       3.174226724272E+00       4.540565105132E+00       3.703802277894E+00
  291      -2.503680395466E+00       2.241885678099E-01       4.019584948570E+00
  292       4.343649026677E+00       2.202441223344E+00      -1.974067540342E+00
  293      -1.443979449906E+00      -2.641872534830E+00       1.256884484031E+00
  294       2.687008815531E+00      -2.563424742729E-02      -1.021751697105E+00
  295       3.742078539508E+00      -2.907737129324E+00       3.039821795857E+00
  296       2.105251213970E+00      -1.611476748043E+00      -1.397351139874E+00
  297       4.310849204491E+00       2.817128460679E-01       2.446471181906E+00
  298      -9.827419424298E-01       6.318588021224E-01       7.125480663058E-01
  299      -3.414067198396E+00      -1.662549574400E+00       2.127393170732E+00
  300       4.930801533494E+00      -3.721352011655E+00       1.995122114007E+00
  301       2.810520571104E+00      -3.137129869794E-01      -4.180273781101E+00
  302       3.214777495082E+00      -2.948845441860E-01      -2.881597288426E+00
  303      -3.632265265597E+00      -1.672398557036E+00      -3.147560633921E-01
  304       1.750330683101E+00      -4.640315250628E+00      -3.181873490083E-03
  305      -1.395230012812E+00      -3.466194233895E+00      -4.610808816413E+00
  306      -1.641842900869E+00       3.374698884817E+00       3.440591544801E+00
  307       3.358516694734E+00       1.619102456431E+00      -8.163542642155E-01
  308       1.865141340561E+00       5.867642240310E-01       1.630219491561E+00
  309      -3.049014605025E+00      -3.205578981796E+00       8.266844284657E-02
  310       1.924834426009E+00       2.270343931235E+00       1.498414201639E+00
  311      -4.914982222454E+00       1.413256794167E+00       2.804652781235E+00
  312       2.698446631168E+00       4.572908370008E-01      -2.218714430668E+00
  313       3.753886343117E+00      -4.602700867736E+00      -5.255582379471E-01
  314       1.134614896033E+00      -4.971476940390E+00      -2.167143299973E+00
  315       3.719836316707E+00      -4.059806177252E+00       2.669887706573E+00
  316      -3.049623657578E+00      -4.691853514060E+00      -2.263679888450E+00
  317       4.012248255226E+00       3.798333705694E+00      -3.105458673937E+00
  318      -2.365390846878E-01      -4.853645849612E+00      -1.978436508797E+00
  319       3.274012674820E+00      -4.343395478615E+00       3.495223035231E+00
  320       3.564466618952E-01      -3.125549940952E+00      -4.913756317803E+00
  321       4.933277815103E+00       3.137168510104E+00      -6.073431293558E-01
  322      -8.884701472146E-01      -3.004807866774E-01       2.649837008936E-01
  323      -2.421814387821E+00      -3.308869752125E+00       1.528453117990E+00
  324       4.368081057364E-01      -1.160638747348E+00       1.492647126696E+00
  325       4.469692616199E-01       1.583555088262E+00      -2.275945849944E+00
  326      -2.741119120128E+00      -1.849508631312E+00       3.107764836675E-01
  327       1.008194301096E+00      -7.452170627265E-01      -4.499122969126E+00
  328       2.396870035675E-01      -5.386162419113E-01      -1.105276126974E-01
  329      -1.642387543360E+00       1.271456115630E+00       4.090213881663E+00
  330      -4.287778842609E+00      -1.757887418840E+00       3.941730329698E+00
  331       1.430500016266E+00       1.419457017600E+00       3.479089563432E+00
  332      -4.220577129832E+00      -4.610418639428E+00       1.499285990847E+00
  333      -3.471184812350E+00       1.114090136354E+00      -2.127631095071E+00
  334      -2.775266794734E+00      -2.819437878669E+00      -3.579466707779E+00
  335       2.067705237803E+00      -1.085784001259E+00      -4.363860258246E+00
  336      -1.437228978912E+00      -1.430090532379E+00       1.496985047260E+00
  337      -2.777212305293E-01       1.958069342315E+00      -4.633787103128E+00
  338      -7.943832826945E-01      -6.037464869554E-01       2.846826870329E+00
  339       1.309917239853E+00      -1.217392629976E+00       2.080154111660E+00
  340       2.328665138214E+00      -3.053706474926E+00       3.322102123577E+00
  341       3.719841367709E+00      -4.444890662737E+00       4.391531516707E+00
  342       1.020398701005E+00      -1.789928492767E-01       1.510318441109E+00
  343       3.212968443545E+00      -1.799023030976E+00       2.950361042689E+00
  344       9.702757615023E-01      -7.201733975033E-01       4.395294775515E+00
  345       1.492249630107E+00      -2.101152847720E+00       3.815843652606E+00
  346      -3.697530927426E+00      -3.886407641486E+00       3.934112305694E+00
  347      -3.831332443117E+00       4.604389425956E+00       2.170233010626E+00
  348      -1.002020596958E+00      -1.757237264972E+00      -3.863564093692E+00
  349       6.936578477947E-01       4.239127219727E+00      -1.401498790650E+00
  350       4.351895850735E-01      -2.751017905025E+00       3.819720672253E+00
  351      -3.854329395937E+00       3.196790876210E+00      -2.110037124269E+00
  352      -2.877163985405E-01       8.434398022668E-01       1.660015171569E+00
  353       4.486868588746E+00       2.562149484210E+00       2.610291093769E-01
  354      -3.538282672654E+00       7.708857147447E-01      -4.595260398102E+00
  355      -4.871875230660E+00       4.478540753408E+00      -2.594088724042E+00
  356       3.768354852366E+00       2.852529085913E+00      -9.569165186661E-01
  357       3.761093070142E+00      -2.740441349211E+00       4.222314196445E+00
  358      -1.960538822048E+00       3.123678165811E+00       2.110753123379E+00
  359       4.131612451109E+00       1.455370440158E+00      -1.100142308230E-01
  360      -2.029287720433E+00       7.617479084229E-01       3.228450915477E+00
  361       2.476442851211E-01       6.565935914916E-01      -1.943640347239E+00
  362      -7.397215435552E-01      -2.161435528249E+00       4.496346050281E-01
  363       4.574173038733E+00       4.401678694012E+00      -1.264706897781E+00
  364      -8.093061492007E-01      -1.786282837410E+00       2.663576334582E+00
  365      -2.868396888212E-01      -4.457871403101E+00      -2.323187592510E-01
  366      -4.815060159743E+00      -2.619715061743E+00       3.482385820904E+00
  367       6.856687805747E-01       5.685965119433E-01       3.660999110853E-01
  368       1.882670524365E+00       1.762653831679E+00      -1.563051029195E+00
  369      -4.532013212537E+00      -4.851040320904E+00      -3.645375901203E+00
  370       2.339599937522E+00      -2.931116040150E-01       1.216408720444E+00
  371       1.402378349658E+00      -2.369391599856E+00       1.801384369898E+00
  372      -3.431217406629E+00      -2.510293242189E+00       3.769195354344E+00
  373      -4.557276514729E+00       4.068537487437E+00       2.677713208474E+00
  374      -6.872492468271E-01       1.991858354854E+00       9.209801048436E-01
  375      -4.277090630126E+00       4.339183259209E+00       1.148673502184E+00
  376       3.420898756375E-01       5.804218977386E-01      -3.943048510773E+00
  377       4.162526972975E+00      -3.300498684657E+00       4.787708286635E-01
  378      -4.971063336167E+00      -4.656181203261E+00       4.072533425394E+00
  379       9.322289080861E-01      -1.441838050789E+00       3.127003724566E+00
  380      -1.475045927939E+00       3.286684569019E+00      -2.140277506260E+00
  381       2.222145800684E+00       2.502364141994E+00      -6.575091839856E-01
  382       1.469263858110E+00       8.865633794841E-01      -1.233766791350E+00
  383      -1.833408904266E+00      -2.060210702943E+00       3.412350916199E+00
  384      -3.995485485966E+00      -4.677170886180E-02      -2.721486291179E+00
  385      -4.305185915985E+00       6.014407779150E-01       3.786861355012E+00
  386       1.037642961927E+00       2.587188973515E+00      -4.360504190270E+00
  387      -2.141531011644E+00       4.334585013258E+00      -4.506893669661E+00
  388      -4.792539748543E+00      -2.836929464769E+00       2.368323628933E+00
  389       4.397251546859E+00      -4.189042894387E+00      -4.661497638706E+00
  390      -3.874002062470E+00       1.762136966041E+00      -3.639604434563E+00
  391      -2.628640532446E+00      -3.187739666613E+00       2.576305431588E+00
  392      -3.613362141005E+00       2.805554798557E+00      -3.376780237076E+00
  393       4.998376853702E+00      -4.857123113633E-01       2.340837916811E-01
  394      -2.646950511256E+00       3.932149214301E+00       3.456046822828E+00
  395       3.680915554451E-01       3.911760359770E+00       2.836974666533E+00
  396      -3.507824450815E-01      -2.666699295710E+00       3.192006855413E+00
  397      -2.502900114165E+00      -5.092327521572E-01      -2.554809712879E+00
  398      -3.576224212991E+00      -3.977732003261E+00      -3.074110949559E+00
  399       1.254403363740E+00       3.220959691687E+00       4.068063688827E+00
  400      -1.656744855373E+00      -3.002055613392E+00       2.297216607380E+00
